#Solution of linear sistem Ax = b through Gauss-Seidel algorithm.
# 1-solution             
5.43266e-11              
1.1258e-10               
1.75046e-10              
2.42026e-10              
3.13849e-10              
3.90864e-10              
4.73447e-10              
5.62e-10                 
6.56954e-10              
7.58774e-10              
8.67954e-10              
9.85027e-10              
1.11056e-09              
1.24518e-09              
1.38952e-09              
1.5443e-09               
1.71027e-09              
1.88823e-09              
2.07907e-09              
2.2837e-09               
2.50312e-09              
2.73841e-09              
2.99071e-09              
3.26124e-09              
3.55134e-09              
3.8624e-09               
4.19596e-09              
4.55363e-09              
4.93716e-09              
5.34842e-09              
5.7894e-09               
6.26227e-09              
6.76933e-09              
7.31304e-09              
7.89606e-09              
8.52123e-09              
9.19159e-09              
9.91042e-09              
1.06812e-08              
1.15077e-08              
1.2394e-08               
1.33444e-08              
1.43634e-08              
1.54561e-08              
1.66279e-08              
1.78843e-08              
1.92315e-08              
2.06762e-08              
2.22253e-08              
2.38864e-08              
2.56676e-08              
2.75775e-08              
2.96255e-08              
3.18216e-08              
3.41765e-08              
3.67016e-08              
3.94092e-08              
4.23126e-08              
4.54258e-08              
4.87642e-08              
5.23438e-08              
5.61823e-08              
6.02983e-08              
6.47118e-08              
6.94443e-08              
7.4519e-08               
7.99606e-08              
8.57956e-08              
9.20523e-08              
9.87614e-08              
1.05956e-07              
1.1367e-07               
1.21942e-07              
1.30811e-07              
1.40322e-07              
1.50521e-07              
1.61457e-07              
1.73184e-07              
1.85758e-07              
1.99241e-07              
2.13699e-07              
2.29202e-07              
2.45826e-07              
2.63652e-07              
2.82766e-07              
3.03262e-07              
3.2524e-07               
3.48806e-07              
3.74077e-07              
4.01174e-07              
4.3023e-07               
4.61386e-07              
4.94795e-07              
5.30619e-07              
5.69032e-07              
6.10223e-07              
6.54391e-07              
7.01752e-07              
7.52537e-07              
8.06994e-07              
8.65386e-07              
9.28001e-07              
9.95141e-07              
1.06714e-06              
1.14433e-06              
1.22711e-06              
1.31588e-06              
1.41106e-06              
1.51312e-06              
1.62256e-06              
1.73991e-06              
1.86574e-06              
2.00067e-06              
2.14536e-06              
2.3005e-06               
2.46686e-06              
2.64524e-06              
2.83652e-06              
3.04163e-06              
3.26157e-06              
3.4974e-06               
3.75029e-06              
4.02145e-06              
4.31222e-06              
4.624e-06                
4.95833e-06              
5.31682e-06              
5.70123e-06              
6.11342e-06              
6.55542e-06              
7.02937e-06              
7.53757e-06              
8.08252e-06              
8.66686e-06              
9.29344e-06              
9.96532e-06              
1.06858e-05              
1.14583e-05              
1.22867e-05              
1.31749e-05              
1.41274e-05              
1.51487e-05              
1.62439e-05              
1.74182e-05              
1.86774e-05              
2.00276e-05              
2.14755e-05              
2.3028e-05               
2.46927e-05              
2.64778e-05              
2.83919e-05              
3.04444e-05              
3.26453e-05              
3.50053e-05              
3.75359e-05              
4.02494e-05              
4.3159e-05               
4.6279e-05               
4.96246e-05              
5.3212e-05               
5.70587e-05              
6.11835e-05              
6.56065e-05              
7.03492e-05              
7.54348e-05              
8.0888e-05               
8.67354e-05              
9.30055e-05              
9.97288e-05              
0.000106938              
0.000114669              
0.000122958              
0.000131847              
0.000141378              
0.000151598              
0.000162557              
0.000174308              
0.000186909              
0.000200421              
0.000214909              
0.000230445              
0.000247103              
0.000264966              
0.000284121              
0.00030466               
0.000326683              
0.000350299              
0.000375622              
0.000402776              
0.000431892              
0.000463113              
0.000496592              
0.00053249               
0.000570983              
0.000612259              
0.000656519              
0.000703978              
0.000754869              
0.000809437              
0.000867951              
0.000930695              
0.000997974              
0.00107012               
0.00114747               
0.00123043               
0.00131937               
0.00141475               
0.00151702               
0.00162668               
0.00174428               
0.00187037               
0.00200557               
0.00215056               
0.00230602               
0.00247272               
0.00265147               
0.00284314               
0.00304867               
0.00326906               
0.00350537               
0.00375878               
0.00403049               
0.00432186               
0.00463428               
0.00496929               
0.00532851               
0.00571371               
0.00612675               
0.00656964               
0.00704456               
0.0075538                
0.00809986               
0.00868539               
0.00931325               
0.0099865                
0.0107084                
0.0114825                
0.0123126                
0.0132027                
0.0141571                
0.0151805                
0.0162778                
0.0174546                
0.0187163                
0.0200693                
0.0215201                
0.0230758                
0.0247439                
0.0265326                
0.0284507                
0.0305073                
0.0327127                
0.0350775                
0.0376132                
0.0403322                
0.0432478                
0.0463741                
0.0497265                
0.0533212                
0.0571757                
0.0613089                
0.0657408                
0.0704932                
0.0755891                
0.0810534                
0.0869126                
0.0931955                
0.0999325                
0.107157                 
0.114903                 
0.123209                 
0.132116                 
0.141666                 
0.151907                 
0.162888                 
0.174663                 
0.18729                  
0.200829                 
0.215347                 
0.230914                 
0.247606                 
0.265506                 
0.284699                 
0.305279                 
0.327348                 
0.351011                 
0.376386                 
0.403594                 
0.43277                  
0.464054                 
0.497601                 
0.533572                 
0.572143                 
0.613503                 
0.657852                 
0.705408                 
0.756401                 
0.811081                 
0.869713                 
0.932584                 
