#Solution of linear sistem Ax = b through Gauss-Seidel algorithm.
# 1-solution             
0.0195982                
0.0391969                
0.0587959                
0.0783952                
0.097995                 
0.117595                 
0.137196                 
0.156797                 
0.176398                 
0.196                    
0.215602                 
0.235204                 
0.254807                 
0.27441                  
0.294014                 
0.313618                 
0.333222                 
0.352827                 
0.372432                 
0.392038                 
0.411644                 
0.43125                  
0.450857                 
0.470464                 
0.490071                 
0.509679                 
0.529287                 
0.548896                 
0.568505                 
0.588114                 
0.607724                 
0.627334                 
0.646945                 
0.666556                 
0.686167                 
0.705779                 
0.725391                 
0.745003                 
0.764616                 
0.784229                 
0.803843                 
0.823457                 
0.843071                 
0.862686                 
0.882301                 
0.901917                 
0.921532                 
0.941149                 
0.960765                 
0.980383                 
