#Solution of linear sistem Ax = b through Gauss-Seidel algorithm.
# 1-solution             
2.89616e-10              
7.29441e-10              
1.39739e-09              
2.4118e-09               
3.95237e-09              
6.29198e-09              
9.84507e-09              
1.5241e-08               
2.34353e-08              
3.58795e-08              
5.47773e-08              
8.34753e-08              
1.27056e-07              
1.93236e-07              
2.93734e-07              
4.46347e-07              
6.78098e-07              
1.03002e-06              
1.56443e-06              
2.37595e-06              
3.60828e-06              
5.47959e-06              
8.32125e-06              
1.26364e-05              
1.9189e-05               
2.91393e-05              
4.42491e-05              
6.71936e-05              
0.000102035              
0.000154943              
0.000235285              
0.000357285              
0.000542545              
0.000823866              
0.00125106               
0.00189976               
0.00288481               
0.00438065               
0.0066521                
0.0101013                
0.0153391                
0.0232927                
0.0353703                
0.0537105                
0.0815604                
0.123851                 
0.18807                  
0.285588                 
0.43367                  
0.658537                 
