#Solution of linear sistem Ax = b through Gauss-Seidel algorithm.
# 1-solution             
0.00625884               
0.012768                 
0.0195376                
0.0265779                
0.0338999                
0.0415147                
0.0494341                
0.0576703                
0.066236                 
0.0751443                
0.0844089                
0.0940441                
0.104065                 
0.114486                 
0.125324                 
0.136596                 
0.148319                 
0.160511                 
0.17319                  
0.186376                 
0.20009                  
0.214353                 
0.229186                 
0.244612                 
0.260655                 
0.27734                  
0.294693                 
0.312739                 
0.331508                 
0.351027                 
0.371327                 
0.392439                 
0.414395                 
0.43723                  
0.460978                 
0.485676                 
0.511362                 
0.538075                 
0.565857                 
0.59475                  
0.624799                 
0.65605                  
0.688551                 
0.722352                 
0.757505                 
0.794064                 
0.832085                 
0.871627                 
0.912751                 
0.95552                  
