#Details of numerical method Gauss Seidel for a linear sistem Ax = b through Gauss-Seidel algorithm. A is 19x19 matrix.
# 1-iterations 2-residual (LinfNorm)    
0              400                      
1              200                      
2              100                      
3              50                       
4              37.5                     
5              28.125                   
6              21.875                   
7              18.75                    
8              16.1133                  
9              13.9648                  
10             12.2192                  
11             11.1084                  
12             10.1166                  
13             9.2411                   
14             8.47101                  
15             7.79333                  
16             7.30625                  
17             6.85693                  
18             6.44425                  
19             6.06594                  
20             5.71932                  
21             5.40158                  
22             5.15605                  
23             4.92486                  
24             4.70758                  
25             4.50357                  
26             4.31208                  
27             4.13235                  
28             3.96359                  
29             3.82655                  
30             3.69579                  
31             3.57096                  
32             3.45184                  
33             3.33817                  
34             3.22968                  
35             3.12609                  
36             3.02714                  
37             2.94082                  
38             2.85975                  
39             2.78133                  
40             2.70547                  
41             2.63209                  
42             2.56109                  
43             2.49237                  
44             2.42585                  
45             2.36144                  
46             2.29904                  
47             2.23858                  
48             2.18217                  
49             2.12895                  
50             2.07699                  
51             2.02628                  
52             1.97678                  
53             1.92848                  
54             1.88134                  
55             1.83535                  
56             1.79047                  
57             1.74668                  
58             1.70396                  
59             1.66228                  
60             1.62161                  
61             1.58194                  
62             1.54324                  
63             1.50548                  
64             1.46864                  
65             1.43271                  
66             1.39765                  
67             1.36345                  
68             1.33009                  
69             1.29754                  
70             1.26579                  
71             1.23481                  
72             1.2046                   
73             1.17512                  
74             1.14636                  
75             1.11831                  
76             1.09094                  
77             1.06424                  
78             1.0382                   
79             1.01279                  
80             0.98801                  
81             0.963832                 
82             0.940245                 
83             0.917236                 
84             0.894789                 
85             0.872892                 
86             0.851531                 
87             0.830693                 
88             0.810364                 
89             0.790533                 
90             0.771188                 
91             0.752315                 
92             0.733905                 
93             0.715945                 
94             0.698425                 
95             0.681333                 
96             0.66466                  
97             0.648394                 
98             0.632527                 
99             0.617048                 
100            0.601948                 
101            0.587217                 
102            0.572847                 
103            0.558828                 
104            0.545153                 
105            0.531812                 
106            0.518797                 
107            0.506102                 
108            0.493716                 
109            0.481634                 
110            0.469848                 
111            0.45835                  
112            0.447133                 
113            0.436191                 
114            0.425517                 
115            0.415104                 
116            0.404945                 
117            0.395036                 
118            0.385368                 
119            0.375938                 
120            0.366738                 
121            0.357763                 
122            0.349008                 
123            0.340467                 
124            0.332135                 
125            0.324007                 
126            0.316078                 
127            0.308343                 
128            0.300798                 
129            0.293437                 
130            0.286256                 
131            0.279251                 
132            0.272417                 
133            0.26575                  
134            0.259247                 
135            0.252903                 
136            0.246714                 
137            0.240676                 
138            0.234786                 
139            0.229041                 
140            0.223436                 
141            0.217968                 
142            0.212634                 
143            0.20743                  
144            0.202354                 
145            0.197402                 
146            0.192571                 
147            0.187859                 
148            0.183262                 
149            0.178777                 
150            0.174402                 
151            0.170134                 
152            0.165971                 
153            0.161909                 
154            0.157947                 
155            0.154082                 
156            0.150311                 
157            0.146633                 
158            0.143044                 
159            0.139544                 
160            0.136129                 
161            0.132797                 
162            0.129548                 
163            0.126377                 
164            0.123285                 
165            0.120268                 
166            0.117325                 
167            0.114453                 
168            0.111653                 
169            0.10892                  
170            0.106255                 
171            0.103655                 
172            0.101118                 
173            0.0986434                
174            0.0962294                
175            0.0938745                
176            0.0915772                
177            0.0893362                
178            0.08715                  
179            0.0850173                
180            0.0829367                
181            0.0809071                
182            0.0789272                
183            0.0769957                
184            0.0751115                
185            0.0732734                
186            0.0714803                
187            0.069731                 
188            0.0680246                
189            0.0663599                
190            0.0647359                
191            0.0631517                
192            0.0616063                
193            0.0600987                
194            0.058628                 
195            0.0571933                
196            0.0557936                
197            0.0544283                
198            0.0530963                
199            0.051797                 
200            0.0505294                
201            0.0492928                
202            0.0480866                
203            0.0469098                
204            0.0457618                
205            0.044642                 
206            0.0435495                
207            0.0424838                
208            0.0414441                
209            0.0404299                
210            0.0394405                
211            0.0384753                
212            0.0375338                
213            0.0366153                
214            0.0357192                
215            0.0348451                
216            0.0339924                
217            0.0331605                
218            0.032349                 
219            0.0315574                
220            0.0307851                
221            0.0300318                
222            0.0292968                
223            0.0285799                
224            0.0278805                
225            0.0271982                
226            0.0265326                
227            0.0258833                
228            0.0252499                
229            0.024632                 
230            0.0240292                
231            0.0234412                
232            0.0228675                
233            0.0223079                
234            0.021762                 
235            0.0212295                
236            0.0207099                
237            0.0202031                
238            0.0197087                
239            0.0192264                
240            0.0187559                
241            0.0182969                
242            0.0178492                
243            0.0174124                
244            0.0169863                
245            0.0165706                
246            0.0161651                
247            0.0157695                
248            0.0153836                
249            0.0150071                
250            0.0146399                
251            0.0142816                
252            0.0139321                
253            0.0135912                
254            0.0132586                
255            0.0129341                
256            0.0126176                
257            0.0123088                
258            0.0120076                
259            0.0117137                
260            0.0114271                
261            0.0111474                
262            0.0108746                
263            0.0106085                
264            0.0103489                
265            0.0100957                
266            0.0098486                
267            0.00960759               
268            0.00937247               
269            0.00914311               
270            0.00891936               
271            0.00870109               
272            0.00848816               
273            0.00828044               
274            0.0080778                
275            0.00788013               
276            0.00768728               
277            0.00749916               
278            0.00731565               
279            0.00713662               
280            0.00696197               
281            0.0067916                
282            0.0066254                
283            0.00646326               
284            0.0063051                
285            0.0061508                
286            0.00600028               
287            0.00585344               
288            0.0057102                
289            0.00557046               
290            0.00543414               
291            0.00530116               
292            0.00517143               
293            0.00504488               
294            0.00492142               
295            0.00480098               
296            0.00468349               
297            0.00456888               
298            0.00445707               
299            0.004348                 
300            0.0042416                
301            0.0041378                
302            0.00403654               
303            0.00393776               
304            0.00384139               
305            0.00374739               
306            0.00365568               
307            0.00356622               
308            0.00347895               
309            0.00339381               
310            0.00331076               
311            0.00322974               
312            0.0031507                
313            0.0030736                
314            0.00299839               
315            0.00292501               
316            0.00285343               
317            0.0027836                
318            0.00271548               
319            0.00264903               
320            0.0025842                
321            0.00252096               
322            0.00245927               
323            0.00239909               
324            0.00234038               
325            0.0022831                
326            0.00222723               
327            0.00217273               
328            0.00211956               
329            0.00206769               
330            0.00201709               
331            0.00196773               
332            0.00191957               
333            0.0018726                
334            0.00182677               
335            0.00178207               
336            0.00173846               
337            0.00169591               
338            0.00165441               
339            0.00161393               
340            0.00157443               
341            0.0015359                
342            0.00149832               
343            0.00146165               
344            0.00142588               
345            0.00139099               
346            0.00135695               
347            0.00132374               
348            0.00129135               
349            0.00125974               
350            0.00122892               
351            0.00119884               
352            0.0011695                
353            0.00114088               
354            0.00111297               
355            0.00108573               
356            0.00105916               
357            0.00103324               
358            0.00100795               
359            0.000983288              
360            0.000959226              
361            0.000935752              
362            0.000912852              
363            0.000890513              
364            0.000868721              
365            0.000847462              
366            0.000826723              
367            0.000806491              
368            0.000786755              
369            0.000767502              
370            0.00074872               
371            0.000730397              
372            0.000712523              
373            0.000695086              
374            0.000678076              
375            0.000661483              
376            0.000645295              
377            0.000629504              
378            0.000614099              
379            0.000599071              
380            0.00058441               
381            0.000570109              
382            0.000556157              
383            0.000542547              
384            0.00052927               
385            0.000516318              
386            0.000503683              
387            0.000491357              
388            0.000479332              
389            0.000467602              
390            0.000456159              
391            0.000444996              
392            0.000434106              
393            0.000423483              
394            0.00041312               
395            0.00040301               
396            0.000393147              
397            0.000383526              
398            0.000374141              
399            0.000364985              
400            0.000356053              
401            0.00034734               
402            0.00033884               
403            0.000330548              
404            0.000322459              
405            0.000314568              
406            0.00030687               
407            0.00029936               
408            0.000292034              
409            0.000284888              
410            0.000277916              
411            0.000271115              
412            0.00026448               
413            0.000258008              
414            0.000251694              
415            0.000245535              
416            0.000239526              
417            0.000233664              
418            0.000227946              
419            0.000222368              
420            0.000216926              
421            0.000211618              
422            0.000206439              
423            0.000201387              
424            0.000196459              
425            0.000191651              
426            0.000186961              
427            0.000182386              
428            0.000177922              
429            0.000173568              
430            0.000169321              
431            0.000165177              
432            0.000161135              
433            0.000157192              
434            0.000153345              
435            0.000149592              
436            0.000145932              
437            0.00014236               
438            0.000138877              
439            0.000135478              
440            0.000132163              
441            0.000128928              
442            0.000125773              
443            0.000122695              
444            0.000119693              
445            0.000116764              
446            0.000113906              
447            0.000111119              
448            0.0001084                
449            0.000105747              
450            0.000103159              
451            0.000100635              
452            9.81719e-05              
453            9.57695e-05              
454            9.34258e-05              
455            9.11395e-05              
456            8.89092e-05              
457            8.67334e-05              
458            8.46109e-05              
459            8.25403e-05              
460            8.05204e-05              
461            7.855e-05                
462            7.66277e-05              
463            7.47525e-05              
464            7.29232e-05              
465            7.11386e-05              
466            6.93977e-05              
467            6.76994e-05              
468            6.60427e-05              
469            6.44265e-05              
470            6.28499e-05              
471            6.13119e-05              
472            5.98115e-05              
473            5.83478e-05              
474            5.69199e-05              
475            5.5527e-05               
476            5.41681e-05              
477            5.28425e-05              
478            5.15494e-05              
479            5.02879e-05              
480            4.90573e-05              
481            4.78567e-05              
482            4.66856e-05              
483            4.55431e-05              
484            4.44286e-05              
485            4.33414e-05              
486            4.22807e-05              
487            4.1246e-05               
488            4.02367e-05              
489            3.9252e-05               
490            3.82914e-05              
491            3.73544e-05              
492            3.64403e-05              
493            3.55485e-05              
494            3.46786e-05              
495            3.38299e-05              
496            3.3002e-05               
497            3.21944e-05              
498            3.14066e-05              
499            3.0638e-05               
500            2.98882e-05              
501            2.91568e-05              
502            2.84433e-05              
503            2.77472e-05              
504            2.70682e-05              
505            2.64058e-05              
506            2.57596e-05              
507            2.51292e-05              
508            2.45143e-05              
509            2.39144e-05              
510            2.33291e-05              
511            2.27582e-05              
512            2.22013e-05              
513            2.1658e-05               
514            2.1128e-05               
515            2.0611e-05               
516            2.01066e-05              
517            1.96145e-05              
518            1.91345e-05              
519            1.86663e-05              
520            1.82095e-05              
521            1.77639e-05              
522            1.73291e-05              
523            1.69051e-05              
524            1.64914e-05              
525            1.60878e-05              
526            1.56941e-05              
527            1.531e-05                
528            1.49354e-05              
529            1.45699e-05              
530            1.42133e-05              
531            1.38655e-05              
532            1.35262e-05              
533            1.31952e-05              
534            1.28723e-05              
535            1.25573e-05              
536            1.225e-05                
537            1.19502e-05              
538            1.16578e-05              
539            1.13725e-05              
540            1.10942e-05              
541            1.08227e-05              
542            1.05578e-05              
543            1.02994e-05              
544            1.00474e-05              
545            9.80153e-06              
546            9.56167e-06              
547            9.32768e-06              
548            9.09941e-06              
549            8.87673e-06              
550            8.6595e-06               
551            8.44759e-06              
552            8.24086e-06              
553            8.0392e-06               
554            7.84246e-06              
555            7.65054e-06              
556            7.46332e-06              
557            7.28068e-06              
558            7.10251e-06              
559            6.9287e-06               
560            6.75914e-06              
561            6.59373e-06              
562            6.43237e-06              
563            6.27496e-06              
564            6.1214e-06               
565            5.9716e-06               
566            5.82547e-06              
567            5.68291e-06              
568            5.54384e-06              
569            5.40817e-06              
570            5.27582e-06              
571            5.14671e-06              
572            5.02076e-06              
573            4.8979e-06               
574            4.77804e-06              
575            4.66111e-06              
576            4.54704e-06              
577            4.43577e-06              
578            4.32722e-06              
579            4.22132e-06              
580            4.11802e-06              
581            4.01725e-06              
582            3.91894e-06              
583            3.82303e-06              
584            3.72948e-06              
585            3.63821e-06              
586            3.54918e-06              
587            3.46232e-06              
588            3.37759e-06              
589            3.29494e-06              
590            3.21431e-06              
591            3.13565e-06              
592            3.05891e-06              
593            2.98405e-06              
594            2.91103e-06              
595            2.83979e-06              
596            2.7703e-06               
597            2.7025e-06               
598            2.63637e-06              
599            2.57185e-06              
600            2.50891e-06              
601            2.44752e-06              
602            2.38762e-06              
603            2.32919e-06              
604            2.27219e-06              
605            2.21659e-06              
606            2.16234e-06              
607            2.10943e-06              
608            2.05781e-06              
609            2.00745e-06              
610            1.95832e-06              
611            1.9104e-06               
612            1.86365e-06              
613            1.81804e-06              
614            1.77355e-06              
615            1.73015e-06              
616            1.68781e-06              
617            1.64651e-06              
618            1.60621e-06              
619            1.56691e-06              
620            1.52856e-06              
621            1.49115e-06              
622            1.45466e-06              
623            1.41907e-06              
624            1.38434e-06              
625            1.35046e-06              
626            1.31741e-06              
627            1.28517e-06              
628            1.25372e-06              
629            1.22304e-06              
630            1.19311e-06              
631            1.16391e-06              
632            1.13543e-06              
633            1.10765e-06              
634            1.08054e-06              
635            1.0541e-06               
636            1.0283e-06               
637            1.00314e-06              
638            9.78589e-07              
