#Solution of linear sistem Ax = b through Gauss-Seidel algorithm.
# 1-solution             
1.62948e-10              
3.63709e-10              
6.11061e-10              
9.15814e-10              
1.29129e-09              
1.75391e-09              
2.32389e-09              
3.02615e-09              
3.89139e-09              
4.95742e-09              
6.27086e-09              
7.88911e-09              
9.88292e-09              
1.23394e-08              
1.5366e-08               
1.9095e-08               
2.36894e-08              
2.935e-08                
3.63242e-08              
4.49169e-08              
5.55036e-08              
6.85471e-08              
8.46176e-08              
1.04417e-07              
1.28812e-07              
1.58867e-07              
1.95897e-07              
2.4152e-07               
2.9773e-07               
3.66983e-07              
4.52307e-07              
5.57431e-07              
6.86949e-07              
8.46522e-07              
1.04312e-06              
1.28535e-06              
1.58378e-06              
1.95146e-06              
2.40446e-06              
2.96258e-06              
3.65021e-06              
4.49741e-06              
5.54119e-06              
6.82718e-06              
8.41158e-06              
1.03636e-05              
1.27687e-05              
1.57317e-05              
1.93824e-05              
2.38802e-05              
2.94217e-05              
3.62491e-05              
4.46607e-05              
5.50242e-05              
6.77925e-05              
8.35236e-05              
0.000102905              
0.000126784              
0.000156204              
0.00019245               
0.000237107              
0.000292127              
0.000359914              
0.00044343               
0.000546326              
0.000673098              
0.000829287              
0.00102172               
0.0012588                
0.0015509                
0.00191078               
0.00235416               
0.00290044               
0.00357347               
0.00440267               
0.00542428               
0.00668296               
0.0082337                
0.0101443                
0.0124982                
0.0153983                
0.0189714                
0.0233737                
0.0287974                
0.0354796                
0.0437125                
0.0538557                
0.0663526                
0.0817494                
0.100719                 
0.12409                  
0.152884                 
0.18836                  
0.232068                 
0.285919                 
0.352264                 
0.434005                 
0.534713                 
0.658791                 
0.811659                 
