#Details of numerical method Gauss Seidel for a linear sistem Ax = b through Gauss-Seidel algorithm. A is 10x10 matrix. x and b are 10vectors.
# 1-iterations 2-residual (LinfNorm)    
0              27.5                     
1              12.5                     
2              5.68182                  
3              2.81743                  
4              1.92098                  
5              1.42882                  
6              1.10212                  
7              0.878316                 
8              0.73193                  
9              0.629097                 
10             0.54591                  
11             0.478051                 
12             0.422003                 
13             0.375074                 
14             0.335245                 
15             0.302161                 
16             0.274465                 
17             0.249589                 
18             0.227172                 
19             0.206913                 
20             0.188565                 
21             0.171917                 
22             0.15679                  
23             0.14303                  
24             0.130504                 
25             0.119092                 
26             0.108692                 
27             0.0992078                
28             0.0905578                
29             0.0826664                
30             0.0754657                
31             0.0688944                
32             0.0628969                
33             0.0574224                
34             0.0524253                
35             0.0478635                
36             0.043699                 
37             0.0398971                
38             0.0364262                
39             0.0332574                
40             0.0303643                
41             0.027723                 
42             0.0253114                
43             0.0231097                
44             0.0210995                
45             0.0192642                
46             0.0175885                
47             0.0160586                
48             0.0146618                
49             0.0133865                
50             0.0122221                
51             0.011159                 
52             0.0101883                
53             0.00930214               
54             0.00849302               
55             0.00775428               
56             0.0070798                
57             0.00646399               
58             0.00590174               
59             0.00538839               
60             0.0049197                
61             0.00449178               
62             0.00410107               
63             0.00374436               
64             0.00341867               
65             0.0031213                
66             0.00284981               
67             0.00260193               
68             0.00237561               
69             0.00216897               
70             0.00198031               
71             0.00180806               
72             0.00165079               
73             0.0015072                
74             0.0013761                
75             0.00125641               
76             0.00114712               
77             0.00104734               
78             0.000956245              
79             0.000873069              
80             0.000797128              
81             0.000727793              
82             0.000664488              
83             0.00060669               
84             0.000553919              
85             0.000505738              
86             0.000461748              
87             0.000421584              
88             0.000384914              
89             0.000351434              
90             0.000320865              
91             0.000292956              
92             0.000267474              
93             0.000244209              
94             0.000222967              
95             0.000203573              
96             0.000185866              
97             0.000169699              
98             0.000154938              
99             0.000141461              
100            0.000129157              
101            0.000117923              
102            0.000107666              
103            9.83006e-05              
104            8.97502e-05              
105            8.19436e-05              
106            7.4816e-05               
107            6.83084e-05              
108            6.23668e-05              
109            5.6942e-05               
110            5.19891e-05              
111            4.7467e-05               
112            4.33382e-05              
113            3.95686e-05              
114            3.61269e-05              
115            3.29845e-05              
116            3.01154e-05              
117            2.74959e-05              
118            2.51043e-05              
119            2.29207e-05              
120            2.0927e-05               
121            1.91067e-05              
122            1.74448e-05              
123            1.59274e-05              
124            1.4542e-05               
125            1.32771e-05              
126            1.21223e-05              
127            1.10679e-05              
128            1.01052e-05              
129            9.22619e-06              
130            8.42368e-06              
131            7.69097e-06              
132            7.022e-06                
133            6.41121e-06              
134            5.85356e-06              
135            5.3444e-06               
136            4.87954e-06              
137            4.45511e-06              
138            4.06759e-06              
139            3.71379e-06              
140            3.39076e-06              
141            3.09582e-06              
142            2.82654e-06              
143            2.58068e-06              
144            2.35621e-06              
145            2.15127e-06              
146            1.96414e-06              
147            1.7933e-06               
148            1.63732e-06              
149            1.4949e-06               
150            1.36487e-06              
151            1.24615e-06              
152            1.13776e-06              
153            1.03879e-06              
154            9.48438e-07              
