#Solution of linear sistem Ax = b through Gauss-Seidel algorithm.
# 1-solution             
0.00313011               
0.00632282               
0.00957939               
0.0129011                
0.0162892                
0.0197451                
0.0232701                
0.0268656                
0.0305331                
0.0342738                
0.0380894                
0.0419813                
0.045951                 
0.0500002                
0.0541303                
0.058343                 
0.06264                  
0.0670229                
0.0714935                
0.0760534                
0.0807046                
0.0854488                
0.0902879                
0.0952238                
0.100258                 
0.105394                 
0.110632                 
0.115974                 
0.121424                 
0.126983                 
0.132652                 
0.138435                 
0.144334                 
0.150351                 
0.156488                 
0.162748                 
0.169133                 
0.175646                 
0.182289                 
0.189065                 
0.195976                 
0.203026                 
0.210217                 
0.217551                 
0.225032                 
0.232663                 
0.240446                 
0.248385                 
0.256483                 
0.264743                 
0.273168                 
0.281761                 
0.290527                 
0.299467                 
0.308587                 
0.317889                 
0.327377                 
0.337054                 
0.346926                 
0.356994                 
0.367264                 
0.37774                  
0.388425                 
0.399323                 
0.41044                  
0.421779                 
0.433344                 
0.445141                 
0.457174                 
0.469448                 
0.481967                 
0.494737                 
0.507761                 
0.521047                 
0.534598                 
0.54842                  
0.562518                 
0.576899                 
0.591567                 
0.606528                 
0.621789                 
0.637355                 
0.653232                 
0.669427                 
0.685946                 
0.702795                 
0.719981                 
0.737511                 
0.755391                 
0.773629                 
0.792232                 
0.811206                 
0.830561                 
0.850302                 
0.870438                 
0.890977                 
0.911927                 
0.933295                 
0.955091                 
0.977323                 
