#Solution of linear sistem Ax = b through Gauss-Seidel algorithm.
# 1-solution             
0.00104344               
0.00209384               
0.00315123               
0.00421568               
0.00528723               
0.00636592               
0.00745179               
0.00854491               
0.00964532               
0.0107531                
0.0118682                
0.0129907                
0.0141208                
0.0152584                
0.0164035                
0.0175563                
0.0187168                
0.019885                 
0.021061                 
0.0222449                
0.0234366                
0.0246363                
0.025844                 
0.0270597                
0.0282836                
0.0295156                
0.0307558                
0.0320042                
0.033261                 
0.0345262                
0.0357998                
0.0370819                
0.0383726                
0.0396719                
0.0409798                
0.0422964                
0.0436218                
0.0449561                
0.0462992                
0.0476513                
0.0490125                
0.0503826                
0.051762                 
0.0531505                
0.0545483                
0.0559554                
0.0573718                
0.0587978                
0.0602332                
0.0616782                
0.0631328                
0.0645971                
0.0660712                
0.0675551                
0.0690489                
0.0705527                
0.0720665                
0.0735904                
0.0751244                
0.0766687                
0.0782233                
0.0797882                
0.0813635                
0.0829494                
0.0845458                
0.0861529                
0.0877707                
0.0893993                
0.0910387                
0.0926891                
0.0943505                
0.0960229                
0.0977065                
0.0994013                
0.101107                 
0.102825                 
0.104554                 
0.106294                 
0.108046                 
0.10981                  
0.111586                 
0.113373                 
0.115172                 
0.116984                 
0.118807                 
0.120642                 
0.12249                  
0.12435                  
0.126223                 
0.128107                 
0.130005                 
0.131915                 
0.133838                 
0.135774                 
0.137722                 
0.139684                 
0.141659                 
0.143646                 
0.145647                 
0.147662                 
0.14969                  
0.151731                 
0.153786                 
0.155855                 
0.157937                 
0.160034                 
0.162144                 
0.164268                 
0.166407                 
0.16856                  
0.170727                 
0.172909                 
0.175105                 
0.177315                 
0.179541                 
0.181781                 
0.184037                 
0.186307                 
0.188593                 
0.190893                 
0.193209                 
0.195541                 
0.197888                 
0.200251                 
0.202629                 
0.205023                 
0.207434                 
0.20986                  
0.212302                 
0.214761                 
0.217236                 
0.219728                 
0.222236                 
0.224761                 
0.227303                 
0.229862                 
0.232438                 
0.235031                 
0.237641                 
0.240269                 
0.242914                 
0.245577                 
0.248258                 
0.250956                 
0.253673                 
0.256407                 
0.25916                  
0.261931                 
0.264721                 
0.267529                 
0.270356                 
0.273202                 
0.276067                 
0.278951                 
0.281854                 
0.284776                 
0.287718                 
0.29068                  
0.293661                 
0.296662                 
0.299683                 
0.302725                 
0.305786                 
0.308868                 
0.311971                 
0.315094                 
0.318238                 
0.321403                 
0.324589                 
0.327797                 
0.331026                 
0.334276                 
0.337548                 
0.340842                 
0.344157                 
0.347495                 
0.350855                 
0.354238                 
0.357643                 
0.36107                  
0.364521                 
0.367995                 
0.371491                 
0.375011                 
0.378555                 
0.382122                 
0.385713                 
0.389328                 
0.392967                 
0.39663                  
0.400318                 
0.40403                  
0.407767                 
0.411529                 
0.415316                 
0.419128                 
0.422966                 
0.426829                 
0.430718                 
0.434633                 
0.438574                 
0.442541                 
0.446535                 
0.450555                 
0.454602                 
0.458676                 
0.462778                 
0.466906                 
0.471062                 
0.475246                 
0.479458                 
0.483698                 
0.487966                 
0.492262                 
0.496588                 
0.500942                 
0.505325                 
0.509737                 
0.514179                 
0.51865                  
0.523151                 
0.527682                 
0.532244                 
0.536835                 
0.541458                 
0.546111                 
0.550795                 
0.55551                  
0.560257                 
0.565036                 
0.569846                 
0.574689                 
0.579563                 
0.58447                  
0.58941                  
0.594383                 
0.599389                 
0.604429                 
0.609502                 
0.614608                 
0.619749                 
0.624924                 
0.630134                 
0.635378                 
0.640658                 
0.645972                 
0.651322                 
0.656708                 
0.662129                 
0.667587                 
0.673081                 
0.678611                 
0.684179                 
0.689784                 
0.695426                 
0.701105                 
0.706823                 
0.712578                 
0.718372                 
0.724205                 
0.730076                 
0.735987                 
0.741937                 
0.747927                 
0.753956                 
0.760026                 
0.766136                 
0.772287                 
0.778479                 
0.784713                 
0.790988                 
0.797304                 
0.803663                 
0.810064                 
0.816508                 
0.822995                 
0.829525                 
0.836099                 
0.842716                 
0.849378                 
0.856084                 
0.862834                 
0.86963                  
0.876471                 
0.883358                 
0.89029                  
0.897269                 
0.904294                 
0.911366                 
0.918485                 
0.925652                 
0.932867                 
0.940129                 
0.94744                  
0.9548                   
0.962209                 
0.969667                 
0.977175                 
0.984733                 
0.992341                 
