#Details of numerical method Gauss Seidel for a linear sistem Ax = b through Gauss-Seidel algorithm. A is 39x39 matrix.
# 1-iterations 2-residual (LinfNorm)    
0              1180                     
1              435.125                  
2              160.452                  
3              74.6981                  
4              43.4693                  
5              28.8528                  
6              20.8947                  
7              15.6334                  
8              12.0089                  
9              9.42134                  
10             7.51899                  
11             6.08599                  
12             4.98454                  
13             4.12341                  
14             3.4404                   
15             2.8919                   
16             2.44667                  
17             2.08185                  
18             1.78046                  
19             1.52962                  
20             1.3195                   
21             1.14304                  
22             0.995747                 
23             0.869851                 
24             0.761824                 
25             0.668797                 
26             0.58842                  
27             0.51876                  
28             0.458217                 
29             0.405458                 
30             0.359369                 
31             0.319015                 
32             0.283607                 
33             0.252476                 
34             0.225053                 
35             0.200855                 
36             0.179466                 
37             0.16053                  
38             0.143742                 
39             0.128837                 
40             0.115586                 
41             0.10379                  
42             0.093278                 
43             0.0838986                
44             0.0755209                
45             0.0680303                
46             0.0613263                
47             0.0553205                
48             0.0499355                
49             0.045103                 
50             0.0407626                
51             0.0368613                
52             0.0333519                
53             0.0301928                
54             0.0273471                
55             0.0247819                
56             0.0224681                
57             0.0203797                
58             0.0184938                
59             0.0167896                
60             0.0152489                
61             0.0138551                
62             0.0125937                
63             0.0114515                
64             0.0104166                
65             0.00947872               
66             0.00862823               
67             0.00785669               
68             0.00715647               
69             0.00652071               
70             0.00594327               
71             0.00541857               
72             0.00494164               
73             0.00450795               
74             0.00411346               
75             0.0037545                
76             0.00342775               
77             0.00313024               
78             0.00285925               
79             0.00261236               
80             0.00238734               
81             0.00218221               
82             0.00199515               
83             0.00182453               
84             0.00166885               
85             0.00152677               
86             0.00139707               
87             0.00127865               
88             0.00117049               
89             0.00107168               
90             0.000981401              
91             0.000898887              
92             0.000823457              
93             0.000754488              
94             0.000691414              
95             0.000633718              
96             0.000580931              
97             0.000532626              
98             0.000488415              
99             0.000447942              
100            0.000410885              
101            0.000376948              
102            0.000345865              
103            0.00031739               
104            0.0002913                
105            0.000267391              
106            0.000245477              
107            0.000225389              
108            0.000206971              
109            0.000190082              
110            0.000174593              
111            0.000160386              
112            0.000147352              
113            0.000135394              
114            0.00012442               
115            0.000114349              
116            0.000105104              
117            9.66178e-05              
118            8.88261e-05              
119            8.16714e-05              
120            7.51008e-05              
121            6.90659e-05              
122            6.35223e-05              
123            5.84294e-05              
124            5.37501e-05              
125            4.94502e-05              
126            4.54985e-05              
127            4.18665e-05              
128            3.8528e-05               
129            3.54588e-05              
130            3.2637e-05               
131            3.00423e-05              
132            2.76563e-05              
133            2.54619e-05              
134            2.34435e-05              
135            2.15869e-05              
136            1.98789e-05              
137            1.83075e-05              
138            1.68616e-05              
139            1.55311e-05              
140            1.43066e-05              
141            1.31796e-05              
142            1.21423e-05              
143            1.11875e-05              
144            1.03084e-05              
145            9.49908e-06              
146            8.75389e-06              
147            8.0677e-06               
148            7.43579e-06              
149            6.85381e-06              
150            6.31779e-06              
151            5.82406e-06              
152            5.36925e-06              
153            4.95025e-06              
154            4.56423e-06              
155            4.20855e-06              
156            3.88082e-06              
157            3.57881e-06              
158            3.3005e-06               
159            3.04399e-06              
160            2.80758e-06              
161            2.58966e-06              
162            2.38879e-06              
163            2.20361e-06              
164            2.03289e-06              
165            1.8755e-06               
166            1.73037e-06              
167            1.59655e-06              
168            1.47316e-06              
169            1.35936e-06              
170            1.25441e-06              
171            1.15762e-06              
172            1.06835e-06              
173            9.86005e-07              
