#Details of numerical method Gauss Seidel for a linear sistem Ax = b through Gauss-Seidel algorithm. A is 9x9 matrix. x and b are 9vectors.
# 1-iterations 2-residual (LinfNorm)    
0              22.5                     
1              10.125                   
2              4.55625                  
3              2.25534                  
4              1.52236                  
5              1.13035                  
6              0.87037                  
7              0.69241                  
8              0.571238                 
9              0.490122                 
10             0.424357                 
11             0.370354                 
12             0.325314                 
13             0.287183                 
14             0.25448                  
15             0.226137                 
16             0.201368                 
17             0.179586                 
18             0.160338                 
19             0.14327                  
20             0.128218                 
21             0.114815                 
22             0.102813                 
23             0.0920649                
24             0.0824407                
25             0.0738227                
26             0.0661055                
27             0.059195                 
28             0.053007                 
29             0.0474658                
30             0.0425039                
31             0.0380607                
32             0.034082                 
33             0.0305191                
34             0.0273288                
35             0.0244719                
36             0.0219137                
37             0.0196229                
38             0.0175716                
39             0.0157347                
40             0.0140899                
41             0.012617                 
42             0.011298                 
43             0.010117                 
44             0.00905938               
45             0.00811235               
46             0.00726431               
47             0.00650492               
48             0.00582492               
49             0.005216                 
50             0.00467074               
51             0.00418248               
52             0.00374526               
53             0.00335374               
54             0.00300315               
55             0.00268921               
56             0.00240809               
57             0.00215636               
58             0.00193094               
59             0.00172909               
60             0.00154833               
61             0.00138648               
62             0.00124154               
63             0.00111175               
64             0.000995533              
65             0.000891463              
66             0.000798273              
67             0.000714824              
68             0.000640099              
69             0.000573185              
70             0.000513266              
71             0.000459611              
72             0.000411565              
73             0.000368541              
74             0.000330015              
75             0.000295517              
76             0.000264624              
77             0.000236961              
78             0.00021219               
79             0.000190009              
80             0.000170146              
81             0.000152359              
82             0.000136432              
83             0.00012217               
84             0.000109399              
85             9.79626e-05              
86             8.77219e-05              
87             7.85518e-05              
88             7.03403e-05              
89             6.29871e-05              
90             5.64027e-05              
91             5.05065e-05              
92             4.52267e-05              
93             4.04989e-05              
94             3.62653e-05              
95             3.24742e-05              
96             2.90795e-05              
97             2.60396e-05              
98             2.33175e-05              
99             2.088e-05                
100            1.86973e-05              
101            1.67427e-05              
102            1.49925e-05              
103            1.34252e-05              
104            1.20218e-05              
105            1.07651e-05              
106            9.63974e-06              
107            8.63203e-06              
108            7.72967e-06              
109            6.92163e-06              
110            6.19807e-06              
111            5.55015e-06              
112            4.96995e-06              
113            4.45041e-06              
114            3.98518e-06              
115            3.56858e-06              
116            3.19554e-06              
117            2.86148e-06              
118            2.56235e-06              
119            2.2945e-06               
120            2.05464e-06              
121            1.83985e-06              
122            1.64752e-06              
123            1.47529e-06              
124            1.32107e-06              
125            1.18297e-06              
126            1.05931e-06              
127            9.48571e-07              
