#Details of numerical method ADR equation through Gauss-Seidel algorithm for alpha=0.25, beta=0.5, gamma=0.
#1-x_j/L                 2-Value                  
0                        0                        
0.0015625                0.000489881              
0.003125                 0.000981295              
0.0046875                0.00147425               
0.00625                  0.00196874               
0.0078125                0.00246479               
0.009375                 0.00296238               
0.0109375                0.00346153               
0.0125                   0.00396225               
0.0140625                0.00446453               
0.015625                 0.00496839               
0.0171875                0.00547382               
0.01875                  0.00598083               
0.0203125                0.00648943               
0.021875                 0.00699963               
0.0234375                0.00751141               
0.025                    0.00802481               
0.0265625                0.0085398                
0.028125                 0.00905641               
0.0296875                0.00957464               
0.03125                  0.0100945                
0.0328125                0.010616                 
0.034375                 0.0111391                
0.0359375                0.0116638                
0.0375                   0.0121902                
0.0390625                0.0127182                
0.040625                 0.0132479                
0.0421875                0.0137793                
0.04375                  0.0143123                
0.0453125                0.014847                 
0.046875                 0.0153833                
0.0484375                0.0159213                
0.05                     0.0164611                
0.0515625                0.0170025                
0.053125                 0.0175456                
0.0546875                0.0180903                
0.05625                  0.0186369                
0.0578125                0.0191851                
0.059375                 0.019735                 
0.0609375                0.0202866                
0.0625                   0.02084                  
0.0640625                0.0213951                
0.065625                 0.021952                 
0.0671875                0.0225106                
0.06875                  0.0230709                
0.0703125                0.023633                 
0.071875                 0.0241968                
0.0734375                0.0247625                
0.075                    0.0253298                
0.0765625                0.025899                 
0.078125                 0.0264699                
0.0796875                0.0270427                
0.08125                  0.0276172                
0.0828125                0.0281935                
0.084375                 0.0287716                
0.0859375                0.0293516                
0.0875                   0.0299333                
0.0890625                0.0305169                
0.090625                 0.0311023                
0.0921875                0.0316895                
0.09375                  0.0322786                
0.0953125                0.0328695                
0.096875                 0.0334622                
0.0984375                0.0340569                
0.1                      0.0346533                
0.101562                 0.0352517                
0.103125                 0.0358519                
0.104688                 0.036454                 
0.10625                  0.037058                 
0.107813                 0.0376638                
0.109375                 0.0382716                
0.110937                 0.0388813                
0.1125                   0.0394928                
0.114062                 0.0401063                
0.115625                 0.0407217                
0.117188                 0.0413391                
0.11875                  0.0419583                
0.120313                 0.0425795                
0.121875                 0.0432027                
0.123438                 0.0438278                
0.125                    0.0444549                
0.126562                 0.0450839                
0.128125                 0.0457149                
0.129688                 0.0463478                
0.13125                  0.0469828                
0.132812                 0.0476197                
0.134375                 0.0482586                
0.135937                 0.0488996                
0.1375                   0.0495425                
0.139063                 0.0501874                
0.140625                 0.0508344                
0.142187                 0.0514834                
0.14375                  0.0521344                
0.145313                 0.0527875                
0.146875                 0.0534426                
0.148438                 0.0540997                
0.15                     0.0547589                
0.151562                 0.0554202                
0.153125                 0.0560835                
0.154688                 0.0567489                
0.15625                  0.0574164                
0.157812                 0.058086                 
0.159375                 0.0587577                
0.160938                 0.0594315                
0.1625                   0.0601074                
0.164062                 0.0607854                
0.165625                 0.0614655                
0.167187                 0.0621478                
0.16875                  0.0628322                
0.170313                 0.0635187                
0.171875                 0.0642074                
0.173437                 0.0648983                
0.175                    0.0655913                
0.176563                 0.0662864                
0.178125                 0.0669838                
0.179688                 0.0676833                
0.18125                  0.0683851                
0.182812                 0.069089                 
0.184375                 0.0697951                
0.185938                 0.0705034                
0.1875                   0.071214                 
0.189062                 0.0719267                
0.190625                 0.0726418                
0.192188                 0.073359                 
0.19375                  0.0740785                
0.195312                 0.0748002                
0.196875                 0.0755242                
0.198437                 0.0762505                
0.2                      0.076979                 
0.201563                 0.0777098                
0.203125                 0.0784429                
0.204687                 0.0791783                
0.20625                  0.079916                 
0.207813                 0.0806561                
0.209375                 0.0813984                
0.210938                 0.082143                 
0.2125                   0.08289                  
0.214062                 0.0836393                
0.215625                 0.084391                 
0.217188                 0.085145                 
0.21875                  0.0859014                
0.220312                 0.0866601                
0.221875                 0.0874212                
0.223438                 0.0881847                
0.225                    0.0889506                
0.226562                 0.0897189                
0.228125                 0.0904896                
0.229687                 0.0912627                
0.23125                  0.0920382                
0.232813                 0.0928162                
0.234375                 0.0935966                
0.235937                 0.0943794                
0.2375                   0.0951647                
0.239063                 0.0959524                
0.240625                 0.0967426                
0.242188                 0.0975353                
0.24375                  0.0983305                
0.245312                 0.0991281                
0.246875                 0.0999282                
0.248438                 0.100731                 
0.25                     0.101536                 
0.251563                 0.102344                 
0.253125                 0.103154                 
0.254688                 0.103967                 
0.25625                  0.104782                 
0.257812                 0.1056                   
0.259375                 0.10642                  
0.260937                 0.107243                 
0.2625                   0.108069                 
0.264062                 0.108897                 
0.265625                 0.109728                 
0.267188                 0.110561                 
0.26875                  0.111397                 
0.270313                 0.112235                 
0.271875                 0.113076                 
0.273438                 0.11392                  
0.275                    0.114767                 
0.276562                 0.115616                 
0.278125                 0.116468                 
0.279687                 0.117322                 
0.28125                  0.118179                 
0.282813                 0.119039                 
0.284375                 0.119901                 
0.285938                 0.120766                 
0.2875                   0.121634                 
0.289062                 0.122505                 
0.290625                 0.123378                 
0.292187                 0.124254                 
0.29375                  0.125133                 
0.295312                 0.126015                 
0.296875                 0.126899                 
0.298438                 0.127786                 
0.3                      0.128676                 
0.301563                 0.129568                 
0.303125                 0.130464                 
0.304688                 0.131362                 
0.30625                  0.132263                 
0.307812                 0.133167                 
0.309375                 0.134074                 
0.310937                 0.134983                 
0.3125                   0.135895                 
0.314063                 0.136811                 
0.315625                 0.137729                 
0.317188                 0.13865                  
0.31875                  0.139574                 
0.320312                 0.1405                   
0.321875                 0.14143                  
0.323437                 0.142362                 
0.325                    0.143298                 
0.326562                 0.144236                 
0.328125                 0.145178                 
0.329688                 0.146122                 
0.33125                  0.147069                 
0.332813                 0.148019                 
0.334375                 0.148973                 
0.335938                 0.149929                 
0.3375                   0.150888                 
0.339062                 0.15185                  
0.340625                 0.152815                 
0.342187                 0.153783                 
0.34375                  0.154754                 
0.345313                 0.155729                 
0.346875                 0.156706                 
0.348438                 0.157686                 
0.35                     0.15867                  
0.351562                 0.159656                 
0.353125                 0.160646                 
0.354687                 0.161639                 
0.35625                  0.162634                 
0.357812                 0.163633                 
0.359375                 0.164635                 
0.360938                 0.16564                  
0.3625                   0.166649                 
0.364063                 0.16766                  
0.365625                 0.168675                 
0.367188                 0.169693                 
0.36875                  0.170714                 
0.370312                 0.171738                 
0.371875                 0.172765                 
0.373437                 0.173796                 
0.375                    0.17483                  
0.376563                 0.175867                 
0.378125                 0.176907                 
0.379688                 0.177951                 
0.38125                  0.178998                 
0.382812                 0.180048                 
0.384375                 0.181101                 
0.385937                 0.182158                 
0.3875                   0.183218                 
0.389062                 0.184281                 
0.390625                 0.185348                 
0.392188                 0.186418                 
0.39375                  0.187491                 
0.395313                 0.188568                 
0.396875                 0.189648                 
0.398438                 0.190731                 
0.4                      0.191818                 
0.401562                 0.192909                 
0.403125                 0.194002                 
0.404687                 0.195099                 
0.40625                  0.1962                   
0.407813                 0.197304                 
0.409375                 0.198411                 
0.410938                 0.199522                 
0.4125                   0.200637                 
0.414062                 0.201754                 
0.415625                 0.202876                 
0.417187                 0.204001                 
0.41875                  0.205129                 
0.420312                 0.206261                 
0.421875                 0.207396                 
0.423438                 0.208535                 
0.425                    0.209678                 
0.426563                 0.210824                 
0.428125                 0.211974                 
0.429688                 0.213127                 
0.43125                  0.214284                 
0.432812                 0.215445                 
0.434375                 0.216609                 
0.435937                 0.217777                 
0.4375                   0.218948                 
0.439063                 0.220123                 
0.440625                 0.221302                 
0.442188                 0.222485                 
0.44375                  0.223671                 
0.445312                 0.224861                 
0.446875                 0.226055                 
0.448437                 0.227252                 
0.45                     0.228453                 
0.451562                 0.229658                 
0.453125                 0.230867                 
0.454688                 0.232079                 
0.45625                  0.233295                 
0.457813                 0.234516                 
0.459375                 0.235739                 
0.460938                 0.236967                 
0.4625                   0.238199                 
0.464062                 0.239434                 
0.465625                 0.240673                 
0.467187                 0.241917                 
0.46875                  0.243164                 
0.470313                 0.244415                 
0.471875                 0.24567                  
0.473438                 0.246928                 
0.475                    0.248191                 
0.476562                 0.249458                 
0.478125                 0.250728                 
0.479687                 0.252003                 
0.48125                  0.253282                 
0.482812                 0.254564                 
0.484375                 0.255851                 
0.485938                 0.257142                 
0.4875                   0.258436                 
0.489063                 0.259735                 
0.490625                 0.261038                 
0.492188                 0.262345                 
0.49375                  0.263656                 
0.495312                 0.264971                 
0.496875                 0.26629                  
0.498437                 0.267613                 
0.5                      0.268941                 
0.501563                 0.270273                 
0.503125                 0.271608                 
0.504687                 0.272948                 
0.50625                  0.274293                 
0.507812                 0.275641                 
0.509375                 0.276994                 
0.510938                 0.27835                  
0.5125                   0.279711                 
0.514062                 0.281077                 
0.515625                 0.282446                 
0.517188                 0.28382                  
0.51875                  0.285199                 
0.520312                 0.286581                 
0.521875                 0.287968                 
0.523438                 0.289359                 
0.525                    0.290755                 
0.526563                 0.292155                 
0.528125                 0.293559                 
0.529687                 0.294968                 
0.53125                  0.296381                 
0.532813                 0.297798                 
0.534375                 0.29922                  
0.535937                 0.300647                 
0.5375                   0.302077                 
0.539062                 0.303513                 
0.540625                 0.304953                 
0.542188                 0.306397                 
0.54375                  0.307846                 
0.545312                 0.309299                 
0.546875                 0.310757                 
0.548438                 0.31222                  
0.55                     0.313687                 
0.551562                 0.315158                 
0.553125                 0.316635                 
0.554688                 0.318116                 
0.55625                  0.319601                 
0.557813                 0.321091                 
0.559375                 0.322586                 
0.560937                 0.324086                 
0.5625                   0.32559                  
0.564063                 0.327099                 
0.565625                 0.328613                 
0.567187                 0.330131                 
0.56875                  0.331654                 
0.570312                 0.333182                 
0.571875                 0.334715                 
0.573438                 0.336252                 
0.575                    0.337795                 
0.576562                 0.339342                 
0.578125                 0.340894                 
0.579688                 0.342451                 
0.58125                  0.344012                 
0.582812                 0.345579                 
0.584375                 0.347151                 
0.585938                 0.348727                 
0.5875                   0.350308                 
0.589063                 0.351895                 
0.590625                 0.353486                 
0.592187                 0.355082                 
0.59375                  0.356683                 
0.595313                 0.35829                  
0.596875                 0.359901                 
0.598437                 0.361517                 
0.6                      0.363139                 
0.601562                 0.364765                 
0.603125                 0.366397                 
0.604688                 0.368033                 
0.60625                  0.369675                 
0.607812                 0.371322                 
0.609375                 0.372974                 
0.610938                 0.374631                 
0.6125                   0.376294                 
0.614062                 0.377962                 
0.615625                 0.379634                 
0.617188                 0.381312                 
0.61875                  0.382996                 
0.620313                 0.384684                 
0.621875                 0.386378                 
0.623437                 0.388078                 
0.625                    0.389782                 
0.626563                 0.391492                 
0.628125                 0.393207                 
0.629687                 0.394928                 
0.63125                  0.396654                 
0.632812                 0.398385                 
0.634375                 0.400122                 
0.635938                 0.401864                 
0.6375                   0.403612                 
0.639062                 0.405365                 
0.640625                 0.407123                 
0.642188                 0.408888                 
0.64375                  0.410657                 
0.645312                 0.412432                 
0.646875                 0.414213                 
0.648438                 0.416                    
0.65                     0.417791                 
0.651563                 0.419589                 
0.653125                 0.421392                 
0.654687                 0.423201                 
0.65625                  0.425015                 
0.657813                 0.426836                 
0.659375                 0.428661                 
0.660937                 0.430493                 
0.6625                   0.43233                  
0.664062                 0.434173                 
0.665625                 0.436022                 
0.667188                 0.437877                 
0.66875                  0.439737                 
0.670312                 0.441603                 
0.671875                 0.443475                 
0.673438                 0.445353                 
0.675                    0.447237                 
0.676562                 0.449127                 
0.678125                 0.451022                 
0.679688                 0.452924                 
0.68125                  0.454831                 
0.682813                 0.456745                 
0.684375                 0.458664                 
0.685937                 0.46059                  
0.6875                   0.462521                 
0.689063                 0.464459                 
0.690625                 0.466402                 
0.692187                 0.468352                 
0.69375                  0.470308                 
0.695312                 0.47227                  
0.696875                 0.474238                 
0.698438                 0.476212                 
0.7                      0.478192                 
0.701562                 0.480179                 
0.703125                 0.482172                 
0.704688                 0.484171                 
0.70625                  0.486176                 
0.707812                 0.488187                 
0.709375                 0.490205                 
0.710938                 0.492229                 
0.7125                   0.49426                  
0.714063                 0.496297                 
0.715625                 0.49834                  
0.717187                 0.50039                  
0.71875                  0.502446                 
0.720313                 0.504508                 
0.721875                 0.506577                 
0.723437                 0.508653                 
0.725                    0.510734                 
0.726562                 0.512823                 
0.728125                 0.514918                 
0.729688                 0.517019                 
0.73125                  0.519127                 
0.732812                 0.521242                 
0.734375                 0.523364                 
0.735938                 0.525491                 
0.7375                   0.527626                 
0.739062                 0.529767                 
0.740625                 0.531915                 
0.742188                 0.53407                  
0.74375                  0.536232                 
0.745313                 0.5384                   
0.746875                 0.540575                 
0.748437                 0.542757                 
0.75                     0.544945                 
0.751563                 0.547141                 
0.753125                 0.549343                 
0.754687                 0.551552                 
0.75625                  0.553769                 
0.757812                 0.555992                 
0.759375                 0.558222                 
0.760938                 0.560459                 
0.7625                   0.562703                 
0.764062                 0.564954                 
0.765625                 0.567212                 
0.767188                 0.569477                 
0.76875                  0.57175                  
0.770312                 0.574029                 
0.771875                 0.576316                 
0.773438                 0.578609                 
0.775                    0.58091                  
0.776563                 0.583218                 
0.778125                 0.585533                 
0.779687                 0.587856                 
0.78125                  0.590186                 
0.782813                 0.592523                 
0.784375                 0.594867                 
0.785937                 0.597219                 
0.7875                   0.599578                 
0.789062                 0.601945                 
0.790625                 0.604319                 
0.792188                 0.6067                   
0.79375                  0.609089                 
0.795312                 0.611485                 
0.796875                 0.613889                 
0.798438                 0.6163                   
0.8                      0.618719                 
0.801562                 0.621145                 
0.803125                 0.623579                 
0.804688                 0.626021                 
0.80625                  0.62847                  
0.807813                 0.630927                 
0.809375                 0.633392                 
0.810937                 0.635864                 
0.8125                   0.638344                 
0.814063                 0.640832                 
0.815625                 0.643328                 
0.817187                 0.645831                 
0.81875                  0.648342                 
0.820312                 0.650861                 
0.821875                 0.653388                 
0.823438                 0.655923                 
0.825                    0.658466                 
0.826562                 0.661017                 
0.828125                 0.663576                 
0.829688                 0.666143                 
0.83125                  0.668717                 
0.832812                 0.6713                   
0.834375                 0.673891                 
0.835938                 0.67649                  
0.8375                   0.679098                 
0.839063                 0.681713                 
0.840625                 0.684337                 
0.842187                 0.686968                 
0.84375                  0.689608                 
0.845313                 0.692257                 
0.846875                 0.694913                 
0.848437                 0.697578                 
0.85                     0.700251                 
0.851562                 0.702933                 
0.853125                 0.705623                 
0.854688                 0.708321                 
0.85625                  0.711028                 
0.857812                 0.713744                 
0.859375                 0.716467                 
0.860938                 0.7192                   
0.8625                   0.721941                 
0.864062                 0.72469                  
0.865625                 0.727448                 
0.867188                 0.730215                 
0.86875                  0.73299                  
0.870313                 0.735774                 
0.871875                 0.738567                 
0.873437                 0.741369                 
0.875                    0.744179                 
0.876563                 0.746998                 
0.878125                 0.749826                 
0.879687                 0.752663                 
0.88125                  0.755508                 
0.882812                 0.758363                 
0.884375                 0.761226                 
0.885938                 0.764099                 
0.8875                   0.76698                  
0.889062                 0.769871                 
0.890625                 0.77277                  
0.892188                 0.775679                 
0.89375                  0.778596                 
0.895312                 0.781523                 
0.896875                 0.784459                 
0.898438                 0.787404                 
0.9                      0.790359                 
0.901563                 0.793322                 
0.903125                 0.796295                 
0.904687                 0.799277                 
0.90625                  0.802269                 
0.907813                 0.80527                  
0.909375                 0.80828                  
0.910937                 0.8113                   
0.9125                   0.814329                 
0.914062                 0.817368                 
0.915625                 0.820416                 
0.917188                 0.823473                 
0.91875                  0.826541                 
0.920312                 0.829618                 
0.921875                 0.832704                 
0.923438                 0.8358                   
0.925                    0.838906                 
0.926562                 0.842022                 
0.928125                 0.845147                 
0.929688                 0.848282                 
0.93125                  0.851427                 
0.932813                 0.854582                 
0.934375                 0.857746                 
0.935937                 0.860921                 
0.9375                   0.864105                 
0.939063                 0.8673                   
0.940625                 0.870504                 
0.942187                 0.873719                 
0.94375                  0.876943                 
0.945312                 0.880178                 
0.946875                 0.883423                 
0.948438                 0.886678                 
0.95                     0.889943                 
0.951562                 0.893218                 
0.953125                 0.896504                 
0.954688                 0.899799                 
0.95625                  0.903106                 
0.957812                 0.906422                 
0.959375                 0.909749                 
0.960938                 0.913086                 
0.9625                   0.916434                 
0.964063                 0.919792                 
0.965625                 0.923161                 
0.967187                 0.92654                  
0.96875                  0.92993                  
0.970313                 0.933331                 
0.971875                 0.936742                 
0.973437                 0.940163                 
0.975                    0.943596                 
0.976562                 0.947039                 
0.978125                 0.950493                 
0.979688                 0.953958                 
0.98125                  0.957434                 
0.982812                 0.96092                  
0.984375                 0.964418                 
0.985938                 0.967926                 
0.9875                   0.971445                 
0.989062                 0.974976                 
0.990625                 0.978517                 
0.992188                 0.98207                  
0.99375                  0.985633                 
0.995313                 0.989208                 
0.996875                 0.992794                 
0.998437                 0.996392                 
1                        1                        
