#Solution of linear sistem Ax = b through Gauss-Seidel algorithm.
# 1-solution             
8.19665e-11              
1.72969e-10              
2.74004e-10              
3.86176e-10              
5.10715e-10              
6.48983e-10              
8.02495e-10              
9.7293e-10               
1.16216e-09              
1.37224e-09              
1.60549e-09              
1.86445e-09              
2.15196e-09              
2.47117e-09              
2.82557e-09              
3.21904e-09              
3.65589e-09              
4.1409e-09               
4.67938e-09              
5.27723e-09              
5.94098e-09              
6.67792e-09              
7.49609e-09              
8.40447e-09              
9.413e-09                
1.05327e-08              
1.17759e-08              
1.31561e-08              
1.46884e-08              
1.63897e-08              
1.82786e-08              
2.03757e-08              
2.2704e-08               
2.5289e-08               
2.81589e-08              
3.13452e-08              
3.48829e-08              
3.88105e-08              
4.31711e-08              
4.80124e-08              
5.33875e-08              
5.93551e-08              
6.59806e-08              
7.33365e-08              
8.15034e-08              
9.05706e-08              
1.00637e-07              
1.11814e-07              
1.24222e-07              
1.37999e-07              
1.53294e-07              
1.70276e-07              
1.89129e-07              
2.10061e-07              
2.33301e-07              
2.59102e-07              
2.87748e-07              
3.19552e-07              
3.54862e-07              
3.94064e-07              
4.37588e-07              
4.8591e-07               
5.39559e-07              
5.99122e-07              
6.65251e-07              
7.3867e-07               
8.20183e-07              
9.10682e-07              
1.01116e-06              
1.12271e-06              
1.24656e-06              
1.38406e-06              
1.53672e-06              
1.70621e-06              
1.89438e-06              
2.1033e-06               
2.33524e-06              
2.59276e-06              
2.87866e-06              
3.19608e-06              
3.5485e-06               
3.93976e-06              
4.37415e-06              
4.85643e-06              
5.39188e-06              
5.98635e-06              
6.64636e-06              
7.37912e-06              
8.19266e-06              
9.09588e-06              
1.00987e-05              
1.1212e-05               
1.24481e-05              
1.38204e-05              
1.5344e-05               
1.70356e-05              
1.89136e-05              
2.09987e-05              
2.33136e-05              
2.58837e-05              
2.87371e-05              
3.19051e-05              
3.54223e-05              
3.93272e-05              
4.36626e-05              
4.84759e-05              
5.38198e-05              
5.97529e-05              
6.63399e-05              
7.36531e-05              
8.17724e-05              
9.07869e-05              
0.000100795              
0.000111906              
0.000124243              
0.000137939              
0.000153145              
0.000170027              
0.00018877               
0.00020958               
0.000232683              
0.000258334              
0.000286811              
0.000318429              
0.000353531              
0.000392503              
0.000435771              
0.000483809              
0.000537143              
0.000596356              
0.000662096              
0.000735083              
0.000816116              
0.000906082              
0.00100597               
0.00111686               
0.00123998               
0.00137667               
0.00152843               
0.00169692               
0.00188398               
0.00209166               
0.00232224               
0.00257823               
0.00286245               
0.00317799               
0.00352832               
0.00391727               
0.0043491                
0.00482853               
0.00536081               
0.00595176               
0.00660786               
0.00733629               
0.00814501               
0.00904289               
0.0100397                
0.0111465                
0.0123752                
0.0137394                
0.015254                 
0.0169356                
0.0188025                
0.0208752                
0.0231764                
0.0257313                
0.0285678                
0.031717                 
0.0352134                
0.0390951                
0.0434048                
0.0481896                
0.0535019                
0.0593997                
0.0659477                
0.0732175                
0.0812888                
0.0902497                
0.100199                 
0.111244                 
0.123507                 
0.137122                 
0.152238                 
0.16902                  
0.187652                 
0.208338                 
0.231305                 
0.256803                 
0.285112                 
0.316542                 
0.351436                 
0.390177                 
0.433188                 
0.480941                 
0.533959                 
0.59282                  
0.658171                 
0.730725                 
0.811277                 
0.900709                 
