#Details of numerical method Gauss Seidel for a linear sistem Ax = b through Gauss-Seidel algorithm. A is 19x19 matrix.
# 1-iterations 2-residual (LinfNorm)    
0              95                       
1              45.125                   
2              21.4344                  
3              10.6904                  
4              7.61691                  
5              5.6984                   
6              4.42101                  
7              3.59996                  
8              3.08598                  
9              2.66783                  
10             2.32852                  
11             2.05121                  
12             1.82686                  
13             1.6646                   
14             1.52206                  
15             1.3968                   
16             1.28643                  
17             1.18886                  
18             1.10227                  
19             1.02511                  
20             0.964118                 
21             0.908279                 
22             0.857104                 
23             0.810136                 
24             0.766956                 
25             0.727187                 
26             0.690492                 
27             0.656569                 
28             0.625148                 
29             0.59727                  
30             0.572432                 
31             0.549084                 
32             0.527115                 
33             0.506419                 
34             0.486901                 
35             0.468472                 
36             0.45105                  
37             0.43456                  
38             0.418934                 
39             0.404108                 
40             0.390024                 
41             0.376631                 
42             0.364204                 
43             0.352724                 
44             0.341712                 
45             0.33114                  
46             0.320984                 
47             0.31122                  
48             0.301827                 
49             0.292785                 
50             0.284074                 
51             0.275679                 
52             0.267581                 
53             0.259768                 
54             0.252224                 
55             0.244936                 
56             0.237893                 
57             0.231084                 
58             0.224498                 
59             0.218124                 
60             0.211955                 
61             0.20598                  
62             0.200193                 
63             0.194585                 
64             0.18915                  
65             0.183881                 
66             0.17877                  
67             0.173813                 
68             0.169004                 
69             0.164337                 
70             0.159807                 
71             0.15541                  
72             0.15114                  
73             0.146994                 
74             0.142967                 
75             0.139056                 
76             0.135256                 
77             0.131564                 
78             0.127976                 
79             0.124489                 
80             0.121101                 
81             0.117807                 
82             0.114606                 
83             0.111494                 
84             0.108468                 
85             0.105534                 
86             0.102683                 
87             0.0999099                
88             0.0972123                
89             0.0945883                
90             0.0920356                
91             0.0895524                
92             0.0871366                
93             0.0847864                
94             0.0824999                
95             0.0802755                
96             0.0781113                
97             0.0760058                
98             0.0739573                
99             0.0719642                
100            0.070025                 
101            0.0681383                
102            0.0663025                
103            0.0645164                
104            0.0627785                
105            0.0610875                
106            0.0594422                
107            0.0578414                
108            0.0562837                
109            0.054768                 
110            0.0532933                
111            0.0518583                
112            0.050462                 
113            0.0491034                
114            0.0477813                
115            0.046495                 
116            0.0452433                
117            0.0440253                
118            0.0428401                
119            0.0416869                
120            0.0405648                
121            0.0394729                
122            0.0384104                
123            0.0373765                
124            0.0363704                
125            0.0353915                
126            0.0344389                
127            0.033512                 
128            0.03261                  
129            0.0317323                
130            0.0308783                
131            0.0300472                
132            0.0292385                
133            0.0284516                
134            0.0276859                
135            0.0269408                
136            0.0262157                
137            0.0255102                
138            0.0248236                
139            0.0241556                
140            0.0235055                
141            0.0228729                
142            0.0222573                
143            0.0216584                
144            0.0210755                
145            0.0205083                
146            0.0199564                
147            0.0194193                
148            0.0188967                
149            0.0183882                
150            0.0178933                
151            0.0174118                
152            0.0169432                
153            0.0164873                
154            0.0160436                
155            0.0156118                
156            0.0151917                
157            0.0147829                
158            0.0143851                
159            0.0139979                
160            0.0136212                
161            0.0132547                
162            0.012898                 
163            0.0125509                
164            0.0122131                
165            0.0118845                
166            0.0115646                
167            0.0112534                
168            0.0109506                
169            0.0106559                
170            0.0103691                
171            0.0100901                
172            0.00981857               
173            0.00955435               
174            0.00929723               
175            0.00904704               
176            0.00880358               
177            0.00856667               
178            0.00833613               
179            0.0081118                
180            0.00789351               
181            0.00768109               
182            0.00747439               
183            0.00727324               
184            0.00707752               
185            0.00688706               
186            0.00670172               
187            0.00652137               
188            0.00634588               
189            0.00617511               
190            0.00600893               
191            0.00584723               
192            0.00568988               
193            0.00553676               
194            0.00538776               
195            0.00524277               
196            0.00510169               
197            0.0049644                
198            0.0048308                
199            0.0047008                
200            0.0045743                
201            0.0044512                
202            0.00433142               
203            0.00421486               
204            0.00410143               
205            0.00399106               
206            0.00388366               
207            0.00377915               
208            0.00367745               
209            0.00357849               
210            0.00348219               
211            0.00338848               
212            0.0032973                
213            0.00320856               
214            0.00312222               
215            0.0030382                
216            0.00295644               
217            0.00287688               
218            0.00279946               
219            0.00272413               
220            0.00265082               
221            0.00257948               
222            0.00251007               
223            0.00244252               
224            0.00237679               
225            0.00231283               
226            0.00225059               
227            0.00219003               
228            0.00213109               
229            0.00207374               
230            0.00201794               
231            0.00196363               
232            0.00191079               
233            0.00185937               
234            0.00180933               
235            0.00176064               
236            0.00171326               
237            0.00166716               
238            0.00162229               
239            0.00157864               
240            0.00153616               
241            0.00149482               
242            0.00145459               
243            0.00141545               
244            0.00137736               
245            0.00134029               
246            0.00130422               
247            0.00126912               
248            0.00123497               
249            0.00120174               
250            0.0011694                
251            0.00113793               
252            0.00110731               
253            0.00107751               
254            0.00104851               
255            0.0010203                
256            0.00099284               
257            0.000966122              
258            0.000940123              
259            0.000914824              
260            0.000890205              
261            0.000866249              
262            0.000842938              
263            0.000820254              
264            0.000798181              
265            0.000776701              
266            0.0007558                
267            0.000735461              
268            0.000715669              
269            0.00069641               
270            0.000677669              
271            0.000659433              
272            0.000641687              
273            0.000624419              
274            0.000607615              
275            0.000591264              
276            0.000575353              
277            0.00055987               
278            0.000544803              
279            0.000530143              
280            0.000515876              
281            0.000501994              
282            0.000488485              
283            0.000475339              
284            0.000462548              
285            0.0004501                
286            0.000437988              
287            0.000426201              
288            0.000414732              
289            0.000403571              
290            0.000392711              
291            0.000382143              
292            0.000371859              
293            0.000361852              
294            0.000352115              
295            0.000342639              
296            0.000333418              
297            0.000324446              
298            0.000315715              
299            0.000307219              
300            0.000298951              
301            0.000290906              
302            0.000283078              
303            0.00027546               
304            0.000268047              
305            0.000260834              
306            0.000253815              
307            0.000246985              
308            0.000240338              
309            0.00023387               
310            0.000227577              
311            0.000221453              
312            0.000215493              
313            0.000209694              
314            0.000204051              
315            0.00019856               
316            0.000193217              
317            0.000188017              
318            0.000182957              
319            0.000178034              
320            0.000173243              
321            0.000168581              
322            0.000164044              
323            0.00015963               
324            0.000155334              
325            0.000151154              
326            0.000147086              
327            0.000143128              
328            0.000139276              
329            0.000135528              
330            0.000131881              
331            0.000128332              
332            0.000124879              
333            0.000121518              
334            0.000118248              
335            0.000115066              
336            0.00011197               
337            0.000108956              
338            0.000106024              
339            0.000103171              
340            0.000100395              
341            9.7693e-05               
342            9.50641e-05              
343            9.25058e-05              
344            9.00165e-05              
345            8.75941e-05              
346            8.52369e-05              
347            8.29431e-05              
348            8.0711e-05               
349            7.85391e-05              
350            7.64255e-05              
351            7.43689e-05              
352            7.23676e-05              
353            7.04201e-05              
354            6.85251e-05              
355            6.6681e-05               
356            6.48866e-05              
357            6.31405e-05              
358            6.14413e-05              
359            5.97879e-05              
360            5.8179e-05               
361            5.66133e-05              
362            5.50898e-05              
363            5.36074e-05              
364            5.21647e-05              
365            5.0761e-05               
366            4.9395e-05               
367            4.80657e-05              
368            4.67722e-05              
369            4.55136e-05              
370            4.42888e-05              
371            4.30969e-05              
372            4.19372e-05              
373            4.08086e-05              
374            3.97104e-05              
375            3.86418e-05              
376            3.76019e-05              
377            3.659e-05                
378            3.56054e-05              
379            3.46472e-05              
380            3.37149e-05              
381            3.28076e-05              
382            3.19247e-05              
383            3.10656e-05              
384            3.02296e-05              
385            2.94161e-05              
386            2.86245e-05              
387            2.78542e-05              
388            2.71046e-05              
389            2.63752e-05              
390            2.56654e-05              
391            2.49748e-05              
392            2.43027e-05              
393            2.36487e-05              
394            2.30123e-05              
395            2.2393e-05               
396            2.17904e-05              
397            2.1204e-05               
398            2.06334e-05              
399            2.00781e-05              
400            1.95378e-05              
401            1.90121e-05              
402            1.85004e-05              
403            1.80026e-05              
404            1.75181e-05              
405            1.70467e-05              
406            1.6588e-05               
407            1.61416e-05              
408            1.57072e-05              
409            1.52845e-05              
410            1.48732e-05              
411            1.44729e-05              
412            1.40835e-05              
413            1.37045e-05              
414            1.33357e-05              
415            1.29768e-05              
416            1.26276e-05              
417            1.22878e-05              
418            1.19571e-05              
419            1.16353e-05              
420            1.13222e-05              
421            1.10175e-05              
422            1.0721e-05               
423            1.04325e-05              
424            1.01518e-05              
425            9.8786e-06               
426            9.61276e-06              
427            9.35408e-06              
428            9.10235e-06              
429            8.8574e-06               
430            8.61905e-06              
431            8.3871e-06               
432            8.1614e-06               
433            7.94177e-06              
434            7.72805e-06              
435            7.52009e-06              
436            7.31772e-06              
437            7.12079e-06              
438            6.92917e-06              
439            6.7427e-06               
440            6.56125e-06              
441            6.38469e-06              
442            6.21287e-06              
443            6.04568e-06              
444            5.88299e-06              
445            5.72467e-06              
446            5.57062e-06              
447            5.42071e-06              
448            5.27483e-06              
449            5.13289e-06              
450            4.99476e-06              
451            4.86034e-06              
452            4.72955e-06              
453            4.60228e-06              
454            4.47843e-06              
455            4.35791e-06              
456            4.24063e-06              
457            4.12652e-06              
458            4.01547e-06              
459            3.90741e-06              
460            3.80226e-06              
461            3.69994e-06              
462            3.60037e-06              
463            3.50348e-06              
464            3.4092e-06               
465            3.31746e-06              
466            3.22819e-06              
467            3.14131e-06              
468            3.05678e-06              
469            2.97452e-06              
470            2.89447e-06              
471            2.81658e-06              
472            2.74079e-06              
473            2.66703e-06              
474            2.59526e-06              
475            2.52542e-06              
476            2.45746e-06              
477            2.39133e-06              
478            2.32697e-06              
479            2.26435e-06              
480            2.20342e-06              
481            2.14412e-06              
482            2.08642e-06              
483            2.03028e-06              
484            1.97564e-06              
485            1.92248e-06              
486            1.87074e-06              
487            1.8204e-06               
488            1.77141e-06              
489            1.72374e-06              
490            1.67735e-06              
491            1.63222e-06              
492            1.58829e-06              
493            1.54555e-06              
494            1.50396e-06              
495            1.46349e-06              
496            1.4241e-06               
497            1.38578e-06              
498            1.34849e-06              
499            1.3122e-06               
500            1.27689e-06              
501            1.24252e-06              
502            1.20909e-06              
503            1.17655e-06              
504            1.14489e-06              
505            1.11408e-06              
506            1.0841e-06               
507            1.05492e-06              
508            1.02654e-06              
509            9.98912e-07              
