#Solution of linear sistem Ax = b through Gauss-Seidel algorithm.
# 1-solution             
0.000626067              
0.00125464               
0.00188572               
0.00251933               
0.00315548               
0.00379417               
0.00443541               
0.00507922               
0.00572561               
0.00637458               
0.00702614               
0.00768031               
0.0083371                
0.00899652               
0.00965857               
0.0103233                
0.0109906                
0.0116607                
0.0123334                
0.0130088                
0.0136869                
0.0143677                
0.0150512                
0.0157375                
0.0164265                
0.0171183                
0.0178128                
0.0185102                
0.0192103                
0.0199132                
0.0206189                
0.0213274                
0.0220388                
0.022753                 
0.0234701                
0.0241901                
0.0249129                
0.0256386                
0.0263672                
0.0270988                
0.0278332                
0.0285706                
0.029311                 
0.0300543                
0.0308006                
0.0315498                
0.0323021                
0.0330574                
0.0338157                
0.034577                 
0.0353414                
0.0361088                
0.0368793                
0.0376529                
0.0384296                
0.0392094                
0.0399923                
0.0407783                
0.0415675                
0.0423598                
0.0431553                
0.043954                 
0.0447559                
0.045561                 
0.0463693                
0.0471809                
0.0479956                
0.0488137                
0.049635                 
0.0504596                
0.0512875                
0.0521187                
0.0529533                
0.0537912                
0.0546324                
0.055477                 
0.056325                 
0.0571763                
0.0580311                
0.0588893                
0.0597509                
0.060616                 
0.0614845                
0.0623565                
0.063232                 
0.064111                 
0.0649935                
0.0658796                
0.0667692                
0.0676623                
0.068559                 
0.0694593                
0.0703632                
0.0712708                
0.0721819                
0.0730967                
0.0740152                
0.0749373                
0.0758631                
0.0767926                
0.0777259                
0.0786628                
0.0796036                
0.080548                 
0.0814963                
0.0824483                
0.0834042                
0.0843639                
0.0853274                
0.0862948                
0.087266                 
0.0882412                
0.0892202                
0.0902032                
0.09119                  
0.0921809                
0.0931757                
0.0941744                
0.0951772                
0.096184                 
0.0971948                
0.0982096                
0.0992285                
0.100252                 
0.101279                 
0.10231                  
0.103345                 
0.104385                 
0.105428                 
0.106476                 
0.107528                 
0.108584                 
0.109644                 
0.110709                 
0.111778                 
0.112851                 
0.113929                 
0.11501                  
0.116097                 
0.117187                 
0.118282                 
0.119381                 
0.120485                 
0.121593                 
0.122705                 
0.123822                 
0.124943                 
0.126069                 
0.127199                 
0.128334                 
0.129474                 
0.130618                 
0.131766                 
0.132919                 
0.134077                 
0.13524                  
0.136407                 
0.137578                 
0.138755                 
0.139936                 
0.141122                 
0.142312                 
0.143507                 
0.144707                 
0.145912                 
0.147122                 
0.148337                 
0.149556                 
0.15078                  
0.15201                  
0.153244                 
0.154483                 
0.155727                 
0.156976                 
0.15823                  
0.159489                 
0.160753                 
0.162022                 
0.163296                 
0.164575                 
0.16586                  
0.167149                 
0.168444                 
0.169744                 
0.171049                 
0.172359                 
0.173674                 
0.174995                 
0.176321                 
0.177653                 
0.178989                 
0.180331                 
0.181679                 
0.183031                 
0.18439                  
0.185753                 
0.187122                 
0.188497                 
0.189877                 
0.191262                 
0.192654                 
0.19405                  
0.195453                 
0.19686                  
0.198274                 
0.199693                 
0.201118                 
0.202548                 
0.203985                 
0.205427                 
0.206875                 
0.208328                 
0.209787                 
0.211253                 
0.212724                 
0.214201                 
0.215684                 
0.217172                 
0.218667                 
0.220168                 
0.221675                 
0.223187                 
0.224706                 
0.226231                 
0.227762                 
0.229299                 
0.230843                 
0.232392                 
0.233948                 
0.235509                 
0.237078                 
0.238652                 
0.240233                 
0.24182                  
0.243413                 
0.245013                 
0.246619                 
0.248231                 
0.24985                  
0.251476                 
0.253108                 
0.254746                 
0.256391                 
0.258043                 
0.259701                 
0.261366                 
0.263038                 
0.264716                 
0.266401                 
0.268092                 
0.269791                 
0.271496                 
0.273208                 
0.274927                 
0.276653                 
0.278386                 
0.280125                 
0.281872                 
0.283625                 
0.285386                 
0.287153                 
0.288928                 
0.29071                  
0.292499                 
0.294295                 
0.296098                 
0.297909                 
0.299726                 
0.301551                 
0.303384                 
0.305223                 
0.30707                  
0.308924                 
0.310786                 
0.312655                 
0.314532                 
0.316416                 
0.318308                 
0.320207                 
0.322114                 
0.324029                 
0.325951                 
0.327881                 
0.329818                 
0.331764                 
0.333717                 
0.335678                 
0.337647                 
0.339623                 
0.341608                 
0.3436                   
0.345601                 
0.347609                 
0.349626                 
0.35165                  
0.353683                 
0.355724                 
0.357773                 
0.35983                  
0.361895                 
0.363969                 
0.366051                 
0.368141                 
0.37024                  
0.372347                 
0.374462                 
0.376586                 
0.378719                 
0.38086                  
0.383009                 
0.385167                 
0.387334                 
0.389509                 
0.391694                 
0.393886                 
0.396088                 
0.398298                 
0.400518                 
0.402746                 
0.404983                 
0.407229                 
0.409484                 
0.411748                 
0.414021                 
0.416303                 
0.418594                 
0.420895                 
0.423204                 
0.425523                 
0.427852                 
0.430189                 
0.432536                 
0.434892                 
0.437258                 
0.439633                 
0.442017                 
0.444412                 
0.446815                 
0.449229                 
0.451652                 
0.454084                 
0.456527                 
0.458979                 
0.461441                 
0.463913                 
0.466394                 
0.468886                 
0.471388                 
0.473899                 
0.476421                 
0.478953                 
0.481495                 
0.484047                 
0.486609                 
0.489181                 
0.491764                 
0.494357                 
0.496961                 
0.499575                 
0.502199                 
0.504834                 
0.507479                 
0.510135                 
0.512802                 
0.515479                 
0.518167                 
0.520866                 
0.523575                 
0.526296                 
0.529027                 
0.531769                 
0.534522                 
0.537287                 
0.540062                 
0.542848                 
0.545646                 
0.548454                 
0.551274                 
0.554105                 
0.556948                 
0.559802                 
0.562667                 
0.565544                 
0.568432                 
0.571332                 
0.574243                 
0.577166                 
0.580101                 
0.583047                 
0.586006                 
0.588976                 
0.591958                 
0.594952                 
0.597957                 
0.600975                 
0.604005                 
0.607047                 
0.610102                 
0.613168                 
0.616247                 
0.619338                 
0.622441                 
0.625557                 
0.628686                 
0.631826                 
0.63498                  
0.638146                 
0.641324                 
0.644516                 
0.64772                  
0.650937                 
0.654167                 
0.657409                 
0.660665                 
0.663934                 
0.667216                 
0.670511                 
0.673819                 
0.67714                  
0.680475                 
0.683823                 
0.687184                 
0.690559                 
0.693947                 
0.697349                 
0.700764                 
0.704194                 
0.707636                 
0.711093                 
0.714563                 
0.718048                 
0.721546                 
0.725058                 
0.728585                 
0.732125                 
0.73568                  
0.739248                 
0.742831                 
0.746429                 
0.750041                 
0.753667                 
0.757308                 
0.760963                 
0.764633                 
0.768317                 
0.772017                 
0.775731                 
0.77946                  
0.783204                 
0.786963                 
0.790737                 
0.794526                 
0.79833                  
0.802149                 
0.805984                 
0.809834                 
0.813699                 
0.81758                  
0.821477                 
0.825389                 
0.829316                 
0.83326                  
0.837219                 
0.841194                 
0.845184                 
0.849191                 
0.853214                 
0.857253                 
0.861308                 
0.865379                 
0.869467                 
0.873571                 
0.877691                 
0.881828                 
0.885982                 
0.890152                 
0.894338                 
0.898542                 
0.902762                 
0.906999                 
0.911253                 
0.915524                 
0.919812                 
0.924118                 
0.92844                  
0.93278                  
0.937137                 
0.941512                 
0.945904                 
0.950314                 
0.954741                 
0.959186                 
0.963649                 
0.968129                 
0.972628                 
0.977145                 
0.981679                 
0.986232                 
0.990803                 
0.995392                 
