#Solution of linear sistem Ax = b through Gauss-Seidel algorithm.
# 1-solution             
0.00989609               
0.0197923                
0.0296886                
0.0395849                
0.0494814                
0.059378                 
0.0692747                
0.0791715                
0.0890683                
0.0989653                
0.108862                 
0.11876                  
0.128657                 
0.138554                 
0.148452                 
0.158349                 
0.168247                 
0.178145                 
0.188042                 
0.19794                  
0.207838                 
0.217737                 
0.227635                 
0.237533                 
0.247432                 
0.25733                  
0.267229                 
0.277128                 
0.287026                 
0.296925                 
0.306824                 
0.316723                 
0.326623                 
0.336522                 
0.346421                 
0.356321                 
0.366221                 
0.37612                  
0.38602                  
0.39592                  
0.40582                  
0.41572                  
0.42562                  
0.435521                 
0.445421                 
0.455322                 
0.465222                 
0.475123                 
0.485024                 
0.494925                 
0.504826                 
0.514727                 
0.524628                 
0.534529                 
0.54443                  
0.554332                 
0.564234                 
0.574135                 
0.584037                 
0.593939                 
0.603841                 
0.613743                 
0.623645                 
0.633547                 
0.64345                  
0.653352                 
0.663255                 
0.673157                 
0.68306                  
0.692963                 
0.702866                 
0.712769                 
0.722672                 
0.732575                 
0.742479                 
0.752382                 
0.762286                 
0.772189                 
0.782093                 
0.791997                 
0.801901                 
0.811805                 
0.821709                 
0.831613                 
0.841517                 
0.851422                 
0.861326                 
0.871231                 
0.881136                 
0.891041                 
0.900945                 
0.91085                  
0.920756                 
0.930661                 
0.940566                 
0.950472                 
0.960377                 
0.970283                 
0.980188                 
0.990094                 
