#Solution of linear sistem Ax = b through Gauss-Seidel algorithm.
# 1-solution             
2.38263e-11              
5.37764e-11              
9.14248e-11              
1.38751e-10              
1.98241e-10              
2.73025e-10              
3.67031e-10              
4.85203e-10              
6.33753e-10              
8.20487e-10              
1.05522e-09              
1.3503e-09               
1.72122e-09              
2.18749e-09              
2.77362e-09              
3.51039e-09              
4.43655e-09              
5.60076e-09              
7.06421e-09              
8.90381e-09              
1.12162e-08              
1.4123e-08               
1.77768e-08              
2.23698e-08              
2.81432e-08              
3.54004e-08              
4.45228e-08              
5.59897e-08              
7.04036e-08              
8.85219e-08              
1.11297e-07              
1.39925e-07              
1.7591e-07               
2.21143e-07              
2.78001e-07              
3.49471e-07              
4.39309e-07              
5.52234e-07              
6.9418e-07               
8.72605e-07              
1.09688e-06              
1.3788e-06               
1.73316e-06              
2.17859e-06              
2.73849e-06              
3.44228e-06              
4.32694e-06              
5.43894e-06              
6.8367e-06               
8.59367e-06              
1.08022e-05              
1.35782e-05              
1.70676e-05              
2.14538e-05              
2.69671e-05              
3.38973e-05              
4.26085e-05              
5.35583e-05              
6.73219e-05              
8.46227e-05              
0.000106369              
0.000133705              
0.000168065              
0.000211255              
0.000265544              
0.000333784              
0.000419562              
0.000527382              
0.000662911              
0.000833268              
0.0010474                
0.00131657               
0.00165491               
0.00208019               
0.00261477               
0.00328672               
0.00413135               
0.00519304               
0.00652756               
0.00820504               
0.0103136                
0.012964                 
0.0162956                
0.0204832                
0.0257471                
0.0323637                
0.0406806                
0.0511348                
0.0642756                
0.0807933                
0.101556                 
0.127654                 
0.160459                 
0.201694                 
0.253526                 
0.318678                 
0.400573                 
0.503514                 
0.632909                 
0.795556                 
