#Details of numerical method Gauss Seidel for a linear sistem Ax = b through Gauss-Seidel algorithm. A is 79x79 matrix. x and b are 79vectors.
# 1-iterations 2-residual (LinfNorm)    
0              5560                     
1              2415.12                  
2              1049.07                  
3              515.499                  
4              335.88                   
5              247.57                   
6              189.238                  
7              149.446                  
8              121.169                  
9              101.367                  
10             87.1683                  
11             75.6537                  
12             66.2184                  
13             58.403                   
14             51.8622                  
15             46.3353                  
16             41.6238                  
17             37.575                   
18             34.0702                  
19             31.1563                  
20             28.6293                  
21             26.3776                  
22             24.3637                  
23             22.5559                  
24             20.9277                  
25             19.4566                  
26             18.1233                  
27             16.9116                  
28             15.8073                  
29             14.7984                  
30             13.8745                  
31             13.0264                  
32             12.2464                  
33             11.5274                  
34             10.8635                  
35             10.2493                  
36             9.68015                  
37             9.15182                  
38             8.66202                  
39             8.21846                  
40             7.80369                  
41             7.4154                   
42             7.05149                  
43             6.71005                  
44             6.38937                  
45             6.08788                  
46             5.80417                  
47             5.53693                  
48             5.285                    
49             5.04728                  
50             4.8228                   
51             4.61064                  
52             4.40998                  
53             4.22005                  
54             4.04015                  
55             3.86963                  
56             3.70789                  
57             3.55439                  
58             3.40861                  
59             3.27008                  
60             3.13837                  
61             3.01306                  
62             2.89378                  
63             2.78017                  
64             2.67192                  
65             2.56872                  
66             2.47028                  
67             2.37635                  
68             2.28666                  
69             2.201                    
70             2.11915                  
71             2.0409                   
72             1.96607                  
73             1.89447                  
74             1.82595                  
75             1.76034                  
76             1.69749                  
77             1.63728                  
78             1.57956                  
79             1.52422                  
80             1.47114                  
81             1.42022                  
82             1.37134                  
83             1.32441                  
84             1.27935                  
85             1.23606                  
86             1.19453                  
87             1.15497                  
88             1.11692                  
89             1.08031                  
90             1.04507                  
91             1.01115                  
92             0.97848                  
93             0.947016                 
94             0.916704                 
95             0.887495                 
96             0.859344                 
97             0.832206                 
98             0.80604                  
99             0.780804                 
100            0.756462                 
101            0.732977                 
102            0.710315                 
103            0.688442                 
104            0.667327                 
105            0.64694                  
106            0.627253                 
107            0.608238                 
108            0.589869                 
109            0.572121                 
110            0.55497                  
111            0.538394                 
112            0.52237                  
113            0.506878                 
114            0.491898                 
115            0.477411                 
116            0.463398                 
117            0.449842                 
118            0.436726                 
119            0.424034                 
120            0.411751                 
121            0.399861                 
122            0.388352                 
123            0.377208                 
124            0.366417                 
125            0.355967                 
126            0.345845                 
127            0.33604                  
128            0.326541                 
129            0.317337                 
130            0.308418                 
131            0.299775                 
132            0.291397                 
133            0.283275                 
134            0.275402                 
135            0.267768                 
136            0.260365                 
137            0.253186                 
138            0.246223                 
139            0.239469                 
140            0.232917                 
141            0.226561                 
142            0.220393                 
143            0.214408                 
144            0.208599                 
145            0.202962                 
146            0.19749                  
147            0.192178                 
148            0.187021                 
149            0.182014                 
150            0.177153                 
151            0.172432                 
152            0.167846                 
153            0.163393                 
154            0.159068                 
155            0.154866                 
156            0.150784                 
157            0.146818                 
158            0.142964                 
159            0.139219                 
160            0.13558                  
161            0.132043                 
162            0.128606                 
163            0.125265                 
164            0.122017                 
165            0.118859                 
166            0.115789                 
167            0.112805                 
168            0.109902                 
169            0.10708                  
170            0.104335                 
171            0.101666                 
172            0.0990695                
173            0.0965441                
174            0.0940876                
175            0.0916978                
176            0.0893728                
177            0.0871108                
178            0.0849098                
179            0.0827682                
180            0.0806841                
181            0.0786559                
182            0.0766821                
183            0.0747609                
184            0.072891                 
185            0.0710708                
186            0.069299                 
187            0.0675741                
188            0.0658948                
189            0.0642598                
190            0.0626679                
191            0.0611178                
192            0.0596084                
193            0.0581385                
194            0.056707                 
195            0.0553128                
196            0.0539549                
197            0.0526324                
198            0.0513441                
199            0.0500892                
200            0.0488667                
201            0.0476757                
202            0.0465154                
203            0.0453849                
204            0.0442835                
205            0.0432102                
206            0.0421644                
207            0.0411453                
208            0.0401521                
209            0.0391843                
210            0.0382409                
211            0.0373216                
212            0.0364255                
213            0.035552                 
214            0.0347006                
215            0.0338706                
216            0.0330615                
217            0.0322727                
218            0.0315037                
219            0.0307539                
220            0.0300229                
221            0.0293101                
222            0.0286151                
223            0.0279374                
224            0.0272765                
225            0.026632                 
226            0.0260035                
227            0.0253905                
228            0.0247927                
229            0.0242096                
230            0.0236408                
231            0.0230861                
232            0.0225449                
233            0.0220171                
234            0.0215022                
235            0.0209998                
236            0.0205098                
237            0.0200317                
238            0.0195652                
239            0.0191101                
240            0.018666                 
241            0.0182327                
242            0.0178099                
243            0.0173974                
244            0.0169948                
245            0.0166019                
246            0.0162185                
247            0.0158443                
248            0.0154792                
249            0.0151228                
250            0.0147749                
251            0.0144354                
252            0.014104                 
253            0.0137805                
254            0.0134648                
255            0.0131566                
256            0.0128557                
257            0.0125619                
258            0.0122752                
259            0.0119953                
260            0.011722                 
261            0.0114551                
262            0.0111946                
263            0.0109402                
264            0.0106919                
265            0.0104494                
266            0.0102126                
267            0.00998134               
268            0.00975554               
269            0.00953505               
270            0.00931972               
271            0.00910944               
272            0.00890407               
273            0.00870351               
274            0.00850763               
275            0.00831632               
276            0.00812946               
277            0.00794696               
278            0.00776869               
279            0.00759457               
280            0.00742449               
281            0.00725836               
282            0.00709607               
283            0.00693753               
284            0.00678266               
285            0.00663137               
286            0.00648356               
287            0.00633916               
288            0.00619809               
289            0.00606027               
290            0.00592561               
291            0.00579404               
292            0.00566549               
293            0.00553989               
294            0.00541716               
295            0.00529724               
296            0.00518006               
297            0.00506556               
298            0.00495367               
299            0.00484433               
300            0.00473758               
301            0.00463332               
302            0.00453143               
303            0.00443184               
304            0.00433451               
305            0.00423939               
306            0.00414641               
307            0.00405554               
308            0.00396672               
309            0.0038799                
310            0.00379504               
311            0.00371209               
312            0.00363101               
313            0.00355175               
314            0.00347428               
315            0.00339854               
316            0.0033245                
317            0.00325212               
318            0.00318136               
319            0.00311219               
320            0.00304456               
321            0.00297844               
322            0.0029138                
323            0.0028506                
324            0.00278882               
325            0.0027284                
326            0.00266934               
327            0.00261158               
328            0.00255511               
329            0.0024999                
330            0.00244591               
331            0.00239312               
332            0.0023415                
333            0.00229102               
334            0.00224166               
335            0.00219339               
336            0.00214618               
337            0.00210002               
338            0.00205488               
339            0.00201074               
340            0.00196757               
341            0.00192534               
342            0.00188405               
343            0.00184367               
344            0.00180417               
345            0.00176554               
346            0.00172776               
347            0.00169081               
348            0.00165467               
349            0.00161932               
350            0.00158474               
351            0.00155092               
352            0.00151784               
353            0.00148549               
354            0.00145383               
355            0.00142287               
356            0.00139259               
357            0.00136296               
358            0.00133399               
359            0.00130564               
360            0.00127791               
361            0.00125078               
362            0.00122424               
363            0.00119827               
364            0.00117287               
365            0.00114803               
366            0.00112371               
367            0.00109993               
368            0.00107666               
369            0.0010539                
370            0.00103162               
371            0.00100983               
372            0.000988512              
373            0.000967652              
374            0.000947241              
375            0.000927271              
376            0.00090773               
377            0.000888611              
378            0.000869903              
379            0.000851598              
380            0.000833686              
381            0.000816159              
382            0.000799009              
383            0.000782227              
384            0.000765805              
385            0.000749734              
386            0.000734009              
387            0.00071862               
388            0.00070356               
389            0.000688823              
390            0.000674401              
391            0.000660287              
392            0.000646474              
393            0.000632957              
394            0.000619728              
395            0.000606781              
396            0.00059411               
397            0.000581709              
398            0.000569572              
399            0.000557693              
400            0.000546067              
401            0.000534689              
402            0.000523552              
403            0.000512651              
404            0.000501982              
405            0.00049154               
406            0.000481319              
407            0.000471314              
408            0.000461522              
409            0.000451937              
410            0.000442555              
411            0.000433371              
412            0.000424382              
413            0.000415582              
414            0.000406969              
415            0.000398537              
416            0.000390283              
417            0.000382204              
418            0.000374295              
419            0.000366552              
420            0.000358973              
421            0.000351553              
422            0.00034429               
423            0.000337179              
424            0.000330218              
425            0.000323403              
426            0.000316731              
427            0.0003102                
428            0.000303805              
429            0.000297545              
430            0.000291416              
431            0.000285415              
432            0.00027954               
433            0.000273789              
434            0.000268157              
435            0.000262644              
436            0.000257246              
437            0.00025196               
438            0.000246785              
439            0.000241719              
440            0.000236758              
441            0.0002319                
442            0.000227144              
443            0.000222488              
444            0.000217928              
445            0.000213463              
446            0.000209091              
447            0.000204811              
448            0.000200619              
449            0.000196515              
450            0.000192495              
451            0.00018856               
452            0.000184706              
453            0.000180932              
454            0.000177237              
455            0.000173618              
456            0.000170075              
457            0.000166605              
458            0.000163207              
459            0.000159879              
460            0.00015662               
461            0.000153429              
462            0.000150303              
463            0.000147243              
464            0.000144245              
465            0.00014131               
466            0.000138435              
467            0.00013562               
468            0.000132863              
469            0.000130162              
470            0.000127518              
471            0.000124928              
472            0.000122391              
473            0.000119907              
474            0.000117474              
475            0.000115091              
476            0.000112757              
477            0.000110471              
478            0.000108232              
479            0.000106039              
480            0.000103891              
481            0.000101788              
482            9.97273e-05              
483            9.77092e-05              
484            9.57326e-05              
485            9.37965e-05              
486            9.19001e-05              
487            9.00426e-05              
488            8.82232e-05              
489            8.64411e-05              
490            8.46955e-05              
491            8.29856e-05              
492            8.13108e-05              
493            7.96702e-05              
494            7.80632e-05              
495            7.64891e-05              
496            7.49471e-05              
497            7.34367e-05              
498            7.19571e-05              
499            7.05077e-05              
500            6.90879e-05              
501            6.76972e-05              
502            6.63347e-05              
503            6.50001e-05              
504            6.36927e-05              
505            6.2412e-05               
506            6.11573e-05              
507            5.99282e-05              
508            5.87241e-05              
509            5.75446e-05              
510            5.6389e-05               
511            5.5257e-05               
512            5.4148e-05               
513            5.30615e-05              
514            5.19972e-05              
515            5.09544e-05              
516            4.99328e-05              
517            4.8932e-05               
518            4.79515e-05              
519            4.69909e-05              
520            4.60498e-05              
521            4.51277e-05              
522            4.42244e-05              
523            4.33394e-05              
524            4.24723e-05              
525            4.16228e-05              
526            4.07905e-05              
527            3.9975e-05               
528            3.9176e-05               
529            3.83932e-05              
530            3.76263e-05              
531            3.68748e-05              
532            3.61385e-05              
533            3.54172e-05              
534            3.47103e-05              
535            3.40178e-05              
536            3.33393e-05              
537            3.26744e-05              
538            3.2023e-05               
539            3.13847e-05              
540            3.07593e-05              
541            3.01465e-05              
542            2.9546e-05               
543            2.89577e-05              
544            2.83812e-05              
545            2.78163e-05              
546            2.72628e-05              
547            2.67204e-05              
548            2.61889e-05              
549            2.56682e-05              
550            2.51579e-05              
551            2.46579e-05              
552            2.41679e-05              
553            2.36877e-05              
554            2.32173e-05              
555            2.27562e-05              
556            2.23045e-05              
557            2.18617e-05              
558            2.14279e-05              
559            2.10028e-05              
560            2.05862e-05              
561            2.0178e-05               
562            1.97779e-05              
563            1.93859e-05              
564            1.90017e-05              
565            1.86252e-05              
566            1.82563e-05              
567            1.78948e-05              
568            1.75404e-05              
569            1.71932e-05              
570            1.68529e-05              
571            1.65195e-05              
572            1.61927e-05              
573            1.58724e-05              
574            1.55585e-05              
575            1.52509e-05              
576            1.49495e-05              
577            1.46541e-05              
578            1.43645e-05              
579            1.40808e-05              
580            1.38027e-05              
581            1.35302e-05              
582            1.3263e-05               
583            1.30013e-05              
584            1.27447e-05              
585            1.24933e-05              
586            1.22468e-05              
587            1.20053e-05              
588            1.17686e-05              
589            1.15366e-05              
590            1.13092e-05              
591            1.10864e-05              
592            1.0868e-05               
593            1.06539e-05              
594            1.04441e-05              
595            1.02385e-05              
596            1.00369e-05              
597            9.83936e-06              
598            9.64574e-06              
599            9.45597e-06              
600            9.26997e-06              
601            9.08766e-06              
602            8.90897e-06              
603            8.73383e-06              
604            8.56216e-06              
605            8.3939e-06               
606            8.22898e-06              
607            8.06733e-06              
608            7.90888e-06              
609            7.75358e-06              
610            7.60135e-06              
611            7.45214e-06              
612            7.30589e-06              
613            7.16253e-06              
614            7.02201e-06              
615            6.88428e-06              
616            6.74927e-06              
617            6.61693e-06              
618            6.48721e-06              
619            6.36005e-06              
620            6.23541e-06              
621            6.11324e-06              
622            5.99348e-06              
623            5.87609e-06              
624            5.76101e-06              
625            5.64822e-06              
626            5.53764e-06              
627            5.42926e-06              
628            5.32301e-06              
629            5.21886e-06              
630            5.11676e-06              
631            5.01668e-06              
632            4.91858e-06              
633            4.82241e-06              
634            4.72813e-06              
635            4.63572e-06              
636            4.54512e-06              
637            4.45631e-06              
638            4.36925e-06              
639            4.28391e-06              
640            4.20025e-06              
641            4.11823e-06              
642            4.03783e-06              
643            3.95901e-06              
644            3.88175e-06              
645            3.806e-06                
646            3.73175e-06              
647            3.65895e-06              
648            3.58759e-06              
649            3.51763e-06              
650            3.44904e-06              
651            3.3818e-06               
652            3.31589e-06              
653            3.25127e-06              
654            3.18792e-06              
655            3.12581e-06              
656            3.06492e-06              
657            3.00523e-06              
658            2.94671e-06              
659            2.88934e-06              
660            2.83309e-06              
661            2.77795e-06              
662            2.72389e-06              
663            2.67088e-06              
664            2.61892e-06              
665            2.56798e-06              
666            2.51804e-06              
667            2.46907e-06              
668            2.42106e-06              
669            2.374e-06                
670            2.32785e-06              
671            2.28261e-06              
672            2.23826e-06              
673            2.19477e-06              
674            2.15214e-06              
675            2.11034e-06              
676            2.06935e-06              
677            2.02917e-06              
678            1.98978e-06              
679            1.95115e-06              
680            1.91328e-06              
681            1.87615e-06              
682            1.83975e-06              
683            1.80406e-06              
684            1.76906e-06              
685            1.73475e-06              
686            1.70111e-06              
687            1.66813e-06              
688            1.63579e-06              
689            1.60408e-06              
690            1.57299e-06              
691            1.5425e-06               
692            1.51262e-06              
693            1.48331e-06              
694            1.45458e-06              
695            1.42641e-06              
696            1.39878e-06              
697            1.3717e-06               
698            1.34514e-06              
699            1.3191e-06               
700            1.29357e-06              
701            1.26854e-06              
702            1.24399e-06              
703            1.21992e-06              
704            1.19632e-06              
705            1.17318e-06              
706            1.15049e-06              
707            1.12825e-06              
708            1.10643e-06              
709            1.08504e-06              
710            1.06407e-06              
711            1.0435e-06               
712            1.02334e-06              
713            1.00356e-06              
714            9.84173e-07              
