#Details of numerical method Gauss Seidel for a linear sistem Ax = b through Gauss-Seidel algorithm. A is 9x9 matrix.
# 1-iterations 2-residual (LinfNorm)    
0              100                      
1              50                       
2              25                       
3              12.5                     
4              9.375                    
5              7.03125                  
6              5.46875                  
7              4.6875                   
8              4.02832                  
9              3.49121                  
10             3.05328                  
11             2.76566                  
12             2.5034                   
13             2.26498                  
14             2.04891                  
15             1.85333                  
16             1.67638                  
17             1.51631                  
18             1.37152                  
19             1.24055                  
20             1.12209                  
21             1.01494                  
22             0.918021                 
23             0.830358                 
24             0.751066                 
25             0.679345                 
26             0.614474                 
27             0.555797                 
28             0.502723                 
29             0.454717                 
30             0.411295                 
31             0.37202                  
32             0.336495                 
33             0.304363                 
34             0.275299                 
35             0.24901                  
36             0.225232                 
37             0.203724                 
38             0.18427                  
39             0.166674                 
40             0.150758                 
41             0.136362                 
42             0.123341                 
43             0.111563                 
44             0.100909                 
45             0.0912733                
46             0.0825575                
47             0.0746739                
48             0.0675432                
49             0.0610934                
50             0.0552595                
51             0.0499827                
52             0.0452098                
53             0.0408926                
54             0.0369877                
55             0.0334557                
56             0.030261                 
57             0.0273713                
58             0.0247576                
59             0.0223934                
60             0.0202551                
61             0.0183209                
62             0.0165714                
63             0.014989                 
64             0.0135576                
65             0.012263                 
66             0.011092                 
67             0.0100328                
68             0.00907475               
69             0.00820819               
70             0.00742438               
71             0.00671541               
72             0.00607415               
73             0.00549412               
74             0.00496948               
75             0.00449493               
76             0.00406571               
77             0.00367746               
78             0.0033263                
79             0.00300867               
80             0.00272136               
81             0.0024615                
82             0.00222644               
83             0.00201384               
84             0.00182153               
85             0.00164759               
86             0.00149026               
87             0.00134795               
88             0.00121924               
89             0.00110281               
90             0.0009975                
91             0.000902247              
92             0.00081609               
93             0.000738161              
94             0.000667673              
95             0.000603916              
96             0.000546247              
97             0.000494085              
98             0.000446904              
99             0.000404228              
100            0.000365628              
101            0.000330714              
102            0.000299133              
103            0.000270569              
104            0.000244732              
105            0.000221362              
106            0.000200224              
107            0.000181104              
108            0.00016381               
109            0.000148168              
110            0.000134019              
111            0.000121221              
112            0.000109646              
113            9.91754e-05              
114            8.9705e-05               
115            8.11389e-05              
116            7.33909e-05              
117            6.63826e-05              
118            6.00437e-05              
119            5.431e-05                
120            4.91239e-05              
121            4.4433e-05               
122            4.019e-05                
123            3.63522e-05              
124            3.28809e-05              
125            2.9741e-05               
126            2.6901e-05               
127            2.43322e-05              
128            2.20087e-05              
129            1.9907e-05               
130            1.80061e-05              
131            1.62866e-05              
132            1.47314e-05              
133            1.33247e-05              
134            1.20523e-05              
135            1.09014e-05              
136            9.86041e-06              
137            8.91882e-06              
138            8.06715e-06              
139            7.29681e-06              
140            6.60002e-06              
141            5.96978e-06              
142            5.39972e-06              
143            4.88409e-06              
144            4.4177e-06               
145            3.99585e-06              
146            3.61428e-06              
147            3.26914e-06              
148            2.95697e-06              
149            2.6746e-06               
150            2.4192e-06               
151            2.18819e-06              
152            1.97924e-06              
153            1.79023e-06              
154            1.61928e-06              
155            1.46465e-06              
156            1.32479e-06              
157            1.19829e-06              
158            1.08386e-06              
159            9.80361e-07              
