#Solution of linear sistem Ax = b through Gauss-Seidel algorithm.
# 1-solution             
4.05661e-11              
8.33138e-11              
1.2836e-10               
1.75829e-10              
2.25851e-10              
2.78563e-10              
3.3411e-10               
3.92644e-10              
4.54326e-10              
5.19325e-10              
5.8782e-10               
6.59999e-10              
7.36059e-10              
8.1621e-10               
9.00671e-10              
9.89675e-10              
1.08347e-09              
1.1823e-09               
1.28645e-09              
1.3962e-09               
1.51185e-09              
1.63373e-09              
1.76216e-09              
1.89749e-09              
2.0401e-09               
2.19039e-09              
2.34875e-09              
2.51564e-09              
2.69149e-09              
2.87681e-09              
3.07209e-09              
3.27788e-09              
3.49473e-09              
3.72324e-09              
3.96405e-09              
4.2178e-09               
4.48521e-09              
4.76699e-09              
5.06393e-09              
5.37684e-09              
5.70657e-09              
6.05404e-09              
6.4202e-09               
6.80605e-09              
7.21266e-09              
7.64113e-09              
8.09264e-09              
8.56843e-09              
9.06982e-09              
9.59817e-09              
1.01549e-08              
1.07416e-08              
1.13599e-08              
1.20114e-08              
1.2698e-08               
1.34214e-08              
1.41838e-08              
1.49872e-08              
1.58338e-08              
1.67259e-08              
1.7666e-08               
1.86567e-08              
1.97006e-08              
2.08007e-08              
2.196e-08                
2.31816e-08              
2.44689e-08              
2.58254e-08              
2.72549e-08              
2.87612e-08              
3.03486e-08              
3.20213e-08              
3.3784e-08               
3.56415e-08              
3.75989e-08              
3.96615e-08              
4.18351e-08              
4.41256e-08              
4.65393e-08              
4.90828e-08              
5.1763e-08               
5.45874e-08              
5.75637e-08              
6.07001e-08              
6.40051e-08              
6.74879e-08              
7.1158e-08               
7.50255e-08              
7.91009e-08              
8.33955e-08              
8.79211e-08              
9.26901e-08              
9.77156e-08              
1.03011e-07              
1.08592e-07              
1.14472e-07              
1.20669e-07              
1.27199e-07              
1.34081e-07              
1.41332e-07              
1.48974e-07              
1.57026e-07              
1.65511e-07              
1.74453e-07              
1.83876e-07              
1.93805e-07              
2.04268e-07              
2.15294e-07              
2.26913e-07              
2.39157e-07              
2.52059e-07              
2.65656e-07              
2.79983e-07              
2.95081e-07              
3.10991e-07              
3.27756e-07              
3.45423e-07              
3.6404e-07               
3.83659e-07              
4.04332e-07              
4.26117e-07              
4.49074e-07              
4.73265e-07              
4.98758e-07              
5.25621e-07              
5.53929e-07              
5.83759e-07              
6.15194e-07              
6.48319e-07              
6.83225e-07              
7.20009e-07              
7.5877e-07               
7.99617e-07              
8.4266e-07               
8.88017e-07              
9.35814e-07              
9.86182e-07              
1.03926e-06              
1.09519e-06              
1.15413e-06              
1.21623e-06              
1.28168e-06              
1.35065e-06              
1.42333e-06              
1.49991e-06              
1.58061e-06              
1.66566e-06              
1.75527e-06              
1.84971e-06              
1.94923e-06              
2.05409e-06              
2.1646e-06               
2.28105e-06              
2.40376e-06              
2.53307e-06              
2.66933e-06              
2.81293e-06              
2.96424e-06              
3.12369e-06              
3.29172e-06              
3.46878e-06              
3.65537e-06              
3.85199e-06              
4.05918e-06              
4.27752e-06              
4.50759e-06              
4.75004e-06              
5.00553e-06              
5.27476e-06              
5.55847e-06              
5.85743e-06              
6.17247e-06              
6.50445e-06              
6.85429e-06              
7.22294e-06              
7.61142e-06              
8.02078e-06              
8.45216e-06              
8.90674e-06              
9.38577e-06              
9.89055e-06              
1.04225e-05              
1.0983e-05               
1.15737e-05              
1.21962e-05              
1.28521e-05              
1.35433e-05              
1.42716e-05              
1.50392e-05              
1.5848e-05               
1.67003e-05              
1.75984e-05              
1.85449e-05              
1.95422e-05              
2.05932e-05              
2.17007e-05              
2.28678e-05              
2.40976e-05              
2.53935e-05              
2.67592e-05              
2.81982e-05              
2.97147e-05              
3.13127e-05              
3.29967e-05              
3.47712e-05              
3.66412e-05              
3.86117e-05              
4.06882e-05              
4.28763e-05              
4.51822e-05              
4.7612e-05               
5.01725e-05              
5.28707e-05              
5.5714e-05               
5.87102e-05              
6.18675e-05              
6.51946e-05              
6.87006e-05              
7.23952e-05              
7.62885e-05              
8.03911e-05              
8.47144e-05              
8.92702e-05              
9.40709e-05              
9.91299e-05              
0.000104461              
0.000110079              
0.000115998              
0.000122236              
0.00012881               
0.000135737              
0.000143037              
0.000150729              
0.000158835              
0.000167377              
0.000176378              
0.000185863              
0.000195858              
0.000206391              
0.00021749               
0.000229186              
0.000241511              
0.000254499              
0.000268185              
0.000282608              
0.000297806              
0.000313821              
0.000330697              
0.000348481              
0.000367222              
0.00038697               
0.00040778               
0.00042971               
0.000452818              
0.00047717               
0.000502831              
0.000529872              
0.000558367              
0.000588394              
0.000620037              
0.00065338               
0.000688518              
0.000725544              
0.000764562              
0.000805678              
0.000849005              
0.000894663              
0.000942775              
0.000993475              
0.0010469                
0.0011032                
0.00116253               
0.00122505               
0.00129093               
0.00136035               
0.0014335                
0.00151059               
0.00159183               
0.00167743               
0.00176764               
0.0018627                
0.00196287               
0.00206843               
0.00217966               
0.00229688               
0.0024204                
0.00255056               
0.00268773               
0.00283226               
0.00298457               
0.00314508               
0.00331421               
0.00349244               
0.00368025               
0.00387817               
0.00408672               
0.0043065                
0.00453809               
0.00478214               
0.00503931               
0.00531031               
0.00559588               
0.00589681               
0.00621392               
0.00654809               
0.00690023               
0.00727131               
0.00766234               
0.0080744                
0.00850861               
0.00896618               
0.00944836               
0.00995647               
0.0104919                
0.0110561                
0.0116507                
0.0122772                
0.0129375                
0.0136332                
0.0143664                
0.0151389                
0.0159531                
0.016811                 
0.017715                 
0.0186677                
0.0196716                
0.0207295                
0.0218443                
0.023019                 
0.0242569                
0.0255613                
0.026936                 
0.0283845                
0.0299109                
0.0315195                
0.0332145                
0.0350007                
0.0368829                
0.0388664                
0.0409565                
0.043159                 
0.04548                  
0.0479258                
0.0505031                
0.053219                 
0.056081                 
0.0590969                
0.062275                 
0.0656239                
0.069153                 
0.0728719                
0.0767907                
0.0809203                
0.085272                 
0.0898577                
0.09469                  
0.0997821                
0.105148                 
0.110803                 
0.116761                 
0.12304                  
0.129657                 
0.13663                  
0.143977                 
0.15172                  
0.159879                 
0.168477                 
0.177537                 
0.187085                 
0.197146                 
0.207748                 
0.21892                  
0.230693                 
0.243099                 
0.256172                 
0.269948                 
0.284465                 
0.299763                 
0.315883                 
0.33287                  
0.350771                 
0.369635                 
0.389513                 
0.41046                  
0.432533                 
0.455793                 
0.480305                 
0.506134                 
0.533353                 
0.562035                 
0.592259                 
0.624109                 
0.657672                 
0.69304                  
0.73031                  
0.769584                 
0.81097                  
0.854582                 
0.900539                 
0.948967                 
