#Details of numerical method Gauss Seidel for a linear sistem Ax = b through Gauss-Seidel algorithm. A is 39x39 matrix.
# 1-iterations 2-residual (LinfNorm)    
0              390                      
1              190.125                  
2              92.6859                  
3              46.314                   
4              33.8671                  
5              25.3845                  
6              19.7311                  
7              16.4896                  
8              14.1619                  
9              12.266                   
10             10.726                   
11             9.50714                  
12             8.65288                  
13             7.89913                  
14             7.23635                  
15             6.65328                  
16             6.1391                   
17             5.70395                  
18             5.3573                   
19             5.03965                  
20             4.7487                   
21             4.48208                  
22             4.2375                   
23             4.01282                  
24             3.80609                  
25             3.63672                  
26             3.47994                  
27             3.33286                  
28             3.19483                  
29             3.06522                  
30             2.94343                  
31             2.82891                  
32             2.72113                  
33             2.61959                  
34             2.53263                  
35             2.4507                   
36             2.37263                  
37             2.29822                  
38             2.22728                  
39             2.15961                  
40             2.09503                  
41             2.03337                  
42             1.97446                  
43             1.91816                  
44             1.8649                   
45             1.81771                  
46             1.77228                  
47             1.72853                  
48             1.68639                  
49             1.64578                  
50             1.60664                  
51             1.56891                  
52             1.53251                  
53             1.49741                  
54             1.46352                  
55             1.43081                  
56             1.39922                  
57             1.36956                  
58             1.34216                  
59             1.31557                  
60             1.28976                  
61             1.26472                  
62             1.24041                  
63             1.2168                   
64             1.19387                  
65             1.1716                   
66             1.14996                  
67             1.12893                  
68             1.10848                  
69             1.08861                  
70             1.06928                  
71             1.05047                  
72             1.03275                  
73             1.01602                  
74             0.999708                 
75             0.983784                 
76             0.968243                 
77             0.953072                 
78             0.93826                  
79             0.923797                 
80             0.909672                 
81             0.895876                 
82             0.882398                 
83             0.869229                 
84             0.856361                 
85             0.843784                 
86             0.83149                  
87             0.81947                  
88             0.807718                 
89             0.796372                 
90             0.785726                 
91             0.775294                 
92             0.765071                 
93             0.755051                 
94             0.745228                 
95             0.735599                 
96             0.726158                 
97             0.716901                 
98             0.707822                 
99             0.698918                 
100            0.690184                 
101            0.681616                 
102            0.67321                  
103            0.664961                 
104            0.656867                 
105            0.648923                 
106            0.641125                 
107            0.633471                 
108            0.625956                 
109            0.618683                 
110            0.61177                  
111            0.604971                 
112            0.598286                 
113            0.591711                 
114            0.585245                 
115            0.578884                 
116            0.572627                 
117            0.566471                 
118            0.560414                 
119            0.554455                 
120            0.54859                  
121            0.542818                 
122            0.537138                 
123            0.531546                 
124            0.526042                 
125            0.520623                 
126            0.515288                 
127            0.510034                 
128            0.50486                  
129            0.499765                 
130            0.494747                 
131            0.489804                 
132            0.484949                 
133            0.480338                 
134            0.475791                 
135            0.471306                 
136            0.466883                 
137            0.46252                  
138            0.458215                 
139            0.453969                 
140            0.44978                  
141            0.445647                 
142            0.441568                 
143            0.437544                 
144            0.433572                 
145            0.429651                 
146            0.425782                 
147            0.421963                 
148            0.418192                 
149            0.41447                  
150            0.410795                 
151            0.407166                 
152            0.403583                 
153            0.400044                 
154            0.39655                  
155            0.393098                 
156            0.389689                 
157            0.386322                 
158            0.382995                 
159            0.379709                 
160            0.376462                 
161            0.3733                   
162            0.370224                 
163            0.367182                 
164            0.364173                 
165            0.361198                 
166            0.358255                 
167            0.355345                 
168            0.352466                 
169            0.349618                 
170            0.3468                   
171            0.344013                 
172            0.341256                 
173            0.338528                 
174            0.335828                 
175            0.333157                 
176            0.330514                 
177            0.327898                 
178            0.325309                 
179            0.322747                 
180            0.320211                 
181            0.317701                 
182            0.315216                 
183            0.312756                 
184            0.310321                 
185            0.307911                 
186            0.305524                 
187            0.303161                 
188            0.300821                 
189            0.298504                 
190            0.29621                  
191            0.293938                 
192            0.291688                 
193            0.28946                  
194            0.287253                 
195            0.285067                 
196            0.282902                 
197            0.280757                 
198            0.278633                 
199            0.276528                 
200            0.274443                 
201            0.272378                 
202            0.270331                 
203            0.268334                 
204            0.266359                 
205            0.264402                 
206            0.262462                 
207            0.260539                 
208            0.258632                 
209            0.256742                 
210            0.254868                 
211            0.25301                  
212            0.251168                 
213            0.249342                 
214            0.247531                 
215            0.245735                 
216            0.243955                 
217            0.242189                 
218            0.240438                 
219            0.238702                 
220            0.23698                  
221            0.235272                 
222            0.233579                 
223            0.231899                 
224            0.230234                 
225            0.228582                 
226            0.226943                 
227            0.225318                 
228            0.223706                 
229            0.222107                 
230            0.22052                  
231            0.218947                 
232            0.217386                 
233            0.215838                 
234            0.214302                 
235            0.212779                 
236            0.211267                 
237            0.209768                 
238            0.20828                  
239            0.206804                 
240            0.20534                  
241            0.203887                 
242            0.202445                 
243            0.201015                 
244            0.199596                 
245            0.198188                 
246            0.196791                 
247            0.195405                 
248            0.194029                 
249            0.192664                 
250            0.19131                  
251            0.189966                 
252            0.188632                 
253            0.187308                 
254            0.185995                 
255            0.184691                 
256            0.183398                 
257            0.182114                 
258            0.18084                  
259            0.179576                 
260            0.178321                 
261            0.177075                 
262            0.175839                 
263            0.174613                 
264            0.173395                 
265            0.172187                 
266            0.170987                 
267            0.169797                 
268            0.168615                 
269            0.167442                 
270            0.166278                 
271            0.165123                 
272            0.163976                 
273            0.162837                 
274            0.161707                 
275            0.160585                 
276            0.159472                 
277            0.158367                 
278            0.157269                 
279            0.15618                  
280            0.155099                 
281            0.154026                 
282            0.15296                  
283            0.151902                 
284            0.150852                 
285            0.14981                  
286            0.148775                 
287            0.147748                 
288            0.146728                 
289            0.145715                 
290            0.14471                  
291            0.143712                 
292            0.142721                 
293            0.141738                 
294            0.140761                 
295            0.139792                 
296            0.138829                 
297            0.137874                 
298            0.136925                 
299            0.135983                 
300            0.135048                 
301            0.134119                 
302            0.133197                 
303            0.132282                 
304            0.131373                 
305            0.13047                  
306            0.129574                 
307            0.128685                 
308            0.127801                 
309            0.126924                 
310            0.126054                 
311            0.125189                 
312            0.12433                  
313            0.123478                 
314            0.122632                 
315            0.121791                 
316            0.120957                 
317            0.120128                 
318            0.119305                 
319            0.118488                 
320            0.117677                 
321            0.116871                 
322            0.116072                 
323            0.115277                 
324            0.114489                 
325            0.113705                 
326            0.112928                 
327            0.112156                 
328            0.111389                 
329            0.110627                 
330            0.109871                 
331            0.10912                  
332            0.108375                 
333            0.107634                 
334            0.106899                 
335            0.106169                 
336            0.105444                 
337            0.104724                 
338            0.104009                 
339            0.103299                 
340            0.102594                 
341            0.101894                 
342            0.101199                 
343            0.100508                 
344            0.0998227                
345            0.0991418                
346            0.0984666                
347            0.0977961                
348            0.0971302                
349            0.096469                 
350            0.0958122                
351            0.0951601                
352            0.0945124                
353            0.0938691                
354            0.0932303                
355            0.0925959                
356            0.0919659                
357            0.0913402                
358            0.0907188                
359            0.0901016                
360            0.0894887                
361            0.08888                  
362            0.0882755                
363            0.0876752                
364            0.0870789                
365            0.0864868                
366            0.0858987                
367            0.0853147                
368            0.0847346                
369            0.0841586                
370            0.0835865                
371            0.0830183                
372            0.082454                 
373            0.0818936                
374            0.081337                 
375            0.0807842                
376            0.0802352                
377            0.07969                  
378            0.0791485                
379            0.0786107                
380            0.0780765                
381            0.0775461                
382            0.0770193                
383            0.076496                 
384            0.0759764                
385            0.0754603                
386            0.0749477                
387            0.0744386                
388            0.073933                 
389            0.0734309                
390            0.0729322                
391            0.0724369                
392            0.071945                 
393            0.0714564                
394            0.0709712                
395            0.0704893                
396            0.0700107                
397            0.0695353                
398            0.0690632                
399            0.0685943                
400            0.0681287                
401            0.0676661                
402            0.0672068                
403            0.0667506                
404            0.0662974                
405            0.0658474                
406            0.0654005                
407            0.0649566                
408            0.0645157                
409            0.0640778                
410            0.0636429                
411            0.063211                 
412            0.062782                 
413            0.0623559                
414            0.0619327                
415            0.0615125                
416            0.061095                 
417            0.0606805                
418            0.0602687                
419            0.0598598                
420            0.0594536                
421            0.0590502                
422            0.0586496                
423            0.0582516                
424            0.0578564                
425            0.0574639                
426            0.057074                 
427            0.0566868                
428            0.0563022                
429            0.0559203                
430            0.0555409                
431            0.0551642                
432            0.0547899                
433            0.0544183                
434            0.0540491                
435            0.0536825                
436            0.0533184                
437            0.0529567                
438            0.0525975                
439            0.0522407                
440            0.0518864                
441            0.0515345                
442            0.051185                 
443            0.0508378                
444            0.050493                 
445            0.0501505                
446            0.0498104                
447            0.0494726                
448            0.0491371                
449            0.0488039                
450            0.0484729                
451            0.0481441                
452            0.0478177                
453            0.0474934                
454            0.0471713                
455            0.0468514                
456            0.0465337                
457            0.0462182                
458            0.0459048                
459            0.0455935                
460            0.0452843                
461            0.0449772                
462            0.0446723                
463            0.0443694                
464            0.0440685                
465            0.0437697                
466            0.0434729                
467            0.0431781                
468            0.0428854                
469            0.0425946                
470            0.0423058                
471            0.042019                 
472            0.0417341                
473            0.0414511                
474            0.0411701                
475            0.0408909                
476            0.0406137                
477            0.0403383                
478            0.0400649                
479            0.0397932                
480            0.0395234                
481            0.0392555                
482            0.0389893                
483            0.038725                 
484            0.0384625                
485            0.0382017                
486            0.0379427                
487            0.0376855                
488            0.03743                  
489            0.0371763                
490            0.0369243                
491            0.0366739                
492            0.0364253                
493            0.0361784                
494            0.0359331                
495            0.0356895                
496            0.0354476                
497            0.0352073                
498            0.0349686                
499            0.0347316                
500            0.0344961                
501            0.0342623                
502            0.03403                  
503            0.0337994                
504            0.0335702                
505            0.0333427                
506            0.0331167                
507            0.0328922                
508            0.0326692                
509            0.0324478                
510            0.0322278                
511            0.0320094                
512            0.0317924                
513            0.0315769                
514            0.0313628                
515            0.0311503                
516            0.0309391                
517            0.0307294                
518            0.0305211                
519            0.0303142                
520            0.0301087                
521            0.0299047                
522            0.0297019                
523            0.0295006                
524            0.0293007                
525            0.0291021                
526            0.0289048                
527            0.0287089                
528            0.0285143                
529            0.028321                 
530            0.0281291                
531            0.0279384                
532            0.027749                 
533            0.0275609                
534            0.0273741                
535            0.0271886                
536            0.0270043                
537            0.0268213                
538            0.0266395                
539            0.0264589                
540            0.0262796                
541            0.0261015                
542            0.0259246                
543            0.0257489                
544            0.0255743                
545            0.025401                 
546            0.0252288                
547            0.0250578                
548            0.024888                 
549            0.0247193                
550            0.0245518                
551            0.0243854                
552            0.0242201                
553            0.0240559                
554            0.0238929                
555            0.023731                 
556            0.0235701                
557            0.0234104                
558            0.0232517                
559            0.0230941                
560            0.0229376                
561            0.0227821                
562            0.0226277                
563            0.0224744                
564            0.022322                 
565            0.0221707                
566            0.0220205                
567            0.0218712                
568            0.021723                 
569            0.0215758                
570            0.0214296                
571            0.0212843                
572            0.0211401                
573            0.0209968                
574            0.0208545                
575            0.0207131                
576            0.0205728                
577            0.0204333                
578            0.0202948                
579            0.0201573                
580            0.0200207                
581            0.019885                 
582            0.0197502                
583            0.0196164                
584            0.0194834                
585            0.0193514                
586            0.0192202                
587            0.01909                  
588            0.0189606                
589            0.0188321                
590            0.0187044                
591            0.0185777                
592            0.0184518                
593            0.0183267                
594            0.0182025                
595            0.0180792                
596            0.0179566                
597            0.0178349                
598            0.0177141                
599            0.017594                 
600            0.0174748                
601            0.0173563                
602            0.0172387                
603            0.0171219                
604            0.0170058                
605            0.0168906                
606            0.0167761                
607            0.0166624                
608            0.0165495                
609            0.0164373                
610            0.0163259                
611            0.0162153                
612            0.0161054                
613            0.0159962                
614            0.0158878                
615            0.0157802                
616            0.0156732                
617            0.015567                 
618            0.0154615                
619            0.0153567                
620            0.0152526                
621            0.0151493                
622            0.0150466                
623            0.0149446                
624            0.0148433                
625            0.0147427                
626            0.0146428                
627            0.0145436                
628            0.014445                 
629            0.0143471                
630            0.0142499                
631            0.0141533                
632            0.0140574                
633            0.0139621                
634            0.0138675                
635            0.0137735                
636            0.0136802                
637            0.0135875                
638            0.0134954                
639            0.0134039                
640            0.0133131                
641            0.0132229                
642            0.0131332                
643            0.0130442                
644            0.0129558                
645            0.012868                 
646            0.0127808                
647            0.0126942                
648            0.0126082                
649            0.0125227                
650            0.0124379                
651            0.0123536                
652            0.0122699                
653            0.0121867                
654            0.0121041                
655            0.0120221                
656            0.0119406                
657            0.0118597                
658            0.0117793                
659            0.0116995                
660            0.0116202                
661            0.0115414                
662            0.0114632                
663            0.0113855                
664            0.0113084                
665            0.0112317                
666            0.0111556                
667            0.01108                  
668            0.0110049                
669            0.0109303                
670            0.0108563                
671            0.0107827                
672            0.0107096                
673            0.010637                 
674            0.010565                 
675            0.0104934                
676            0.0104222                
677            0.0103516                
678            0.0102815                
679            0.0102118                
680            0.0101426                
681            0.0100738                
682            0.0100056                
683            0.00993776               
684            0.00987041               
685            0.00980351               
686            0.00973708               
687            0.00967109               
688            0.00960555               
689            0.00954045               
690            0.00947579               
691            0.00941157               
692            0.00934779               
693            0.00928444               
694            0.00922152               
695            0.00915903               
696            0.00909696               
697            0.00903531               
698            0.00897407               
699            0.00891325               
700            0.00885285               
701            0.00879285               
702            0.00873326               
703            0.00867408               
704            0.00861529               
705            0.00855691               
706            0.00849892               
707            0.00844132               
708            0.00838411               
709            0.00832729               
710            0.00827086               
711            0.00821481               
712            0.00815914               
713            0.00810384               
714            0.00804892               
715            0.00799437               
716            0.0079402                
717            0.00788639               
718            0.00783294               
719            0.00777986               
720            0.00772713               
721            0.00767476               
722            0.00762275               
723            0.00757109               
724            0.00751978               
725            0.00746882               
726            0.00741821               
727            0.00736793               
728            0.007318                 
729            0.00726841               
730            0.00721915               
731            0.00717022               
732            0.00712163               
733            0.00707337               
734            0.00702543               
735            0.00697782               
736            0.00693053               
737            0.00688356               
738            0.00683691               
739            0.00679058               
740            0.00674456               
741            0.00669885               
742            0.00665345               
743            0.00660836               
744            0.00656358               
745            0.0065191                
746            0.00647492               
747            0.00643104               
748            0.00638745               
749            0.00634416               
750            0.00630117               
751            0.00625847               
752            0.00621605               
753            0.00617393               
754            0.00613209               
755            0.00609053               
756            0.00604925               
757            0.00600826               
758            0.00596754               
759            0.0059271                
760            0.00588693               
761            0.00584703               
762            0.00580741               
763            0.00576805               
764            0.00572896               
765            0.00569014               
766            0.00565158               
767            0.00561327               
768            0.00557523               
769            0.00553745               
770            0.00549992               
771            0.00546265               
772            0.00542563               
773            0.00538886               
774            0.00535234               
775            0.00531607               
776            0.00528004               
777            0.00524426               
778            0.00520872               
779            0.00517342               
780            0.00513836               
781            0.00510353               
782            0.00506895               
783            0.0050346                
784            0.00500048               
785            0.00496659               
786            0.00493293               
787            0.0048995                
788            0.0048663                
789            0.00483332               
790            0.00480056               
791            0.00476803               
792            0.00473572               
793            0.00470362               
794            0.00467174               
795            0.00464008               
796            0.00460864               
797            0.00457741               
798            0.00454639               
799            0.00451557               
800            0.00448497               
801            0.00445458               
802            0.00442439               
803            0.0043944                
804            0.00436462               
805            0.00433505               
806            0.00430567               
807            0.00427649               
808            0.00424751               
809            0.00421872               
810            0.00419013               
811            0.00416173               
812            0.00413353               
813            0.00410552               
814            0.00407769               
815            0.00405006               
816            0.00402261               
817            0.00399535               
818            0.00396827               
819            0.00394138               
820            0.00391467               
821            0.00388814               
822            0.00386179               
823            0.00383562               
824            0.00380963               
825            0.00378381               
826            0.00375817               
827            0.0037327                
828            0.0037074                
829            0.00368227               
830            0.00365732               
831            0.00363253               
832            0.00360792               
833            0.00358347               
834            0.00355918               
835            0.00353506               
836            0.0035111                
837            0.00348731               
838            0.00346368               
839            0.0034402                
840            0.00341689               
841            0.00339373               
842            0.00337073               
843            0.00334789               
844            0.0033252                
845            0.00330267               
846            0.00328028               
847            0.00325805               
848            0.00323597               
849            0.00321404               
850            0.00319226               
851            0.00317063               
852            0.00314914               
853            0.0031278                
854            0.0031066                
855            0.00308555               
856            0.00306464               
857            0.00304387               
858            0.00302324               
859            0.00300275               
860            0.0029824                
861            0.00296219               
862            0.00294212               
863            0.00292218               
864            0.00290237               
865            0.0028827                
866            0.00286317               
867            0.00284376               
868            0.00282449               
869            0.00280535               
870            0.00278634               
871            0.00276746               
872            0.0027487                
873            0.00273007               
874            0.00271157               
875            0.0026932                
876            0.00267494               
877            0.00265682               
878            0.00263881               
879            0.00262093               
880            0.00260316               
881            0.00258552               
882            0.002568                 
883            0.0025506                
884            0.00253331               
885            0.00251614               
886            0.00249909               
887            0.00248216               
888            0.00246533               
889            0.00244863               
890            0.00243203               
891            0.00241555               
892            0.00239918               
893            0.00238292               
894            0.00236677               
895            0.00235073               
896            0.0023348                
897            0.00231898               
898            0.00230326               
899            0.00228765               
900            0.00227215               
901            0.00225675               
902            0.00224146               
903            0.00222627               
904            0.00221118               
905            0.0021962                
906            0.00218131               
907            0.00216653               
908            0.00215185               
909            0.00213726               
910            0.00212278               
911            0.00210839               
912            0.00209411               
913            0.00207991               
914            0.00206582               
915            0.00205182               
916            0.00203791               
917            0.0020241                
918            0.00201038               
919            0.00199676               
920            0.00198323               
921            0.00196979               
922            0.00195644               
923            0.00194318               
924            0.00193001               
925            0.00191693               
926            0.00190394               
927            0.00189104               
928            0.00187822               
929            0.00186549               
930            0.00185285               
931            0.00184029               
932            0.00182782               
933            0.00181544               
934            0.00180313               
935            0.00179091               
936            0.00177878               
937            0.00176672               
938            0.00175475               
939            0.00174286               
940            0.00173104               
941            0.00171931               
942            0.00170766               
943            0.00169609               
944            0.00168459               
945            0.00167318               
946            0.00166184               
947            0.00165058               
948            0.00163939               
949            0.00162828               
950            0.00161725               
951            0.00160629               
952            0.0015954                
953            0.00158459               
954            0.00157385               
955            0.00156318               
956            0.00155259               
957            0.00154207               
958            0.00153162               
959            0.00152124               
960            0.00151093               
961            0.00150069               
962            0.00149052               
963            0.00148042               
964            0.00147038               
965            0.00146042               
966            0.00145052               
967            0.00144069               
968            0.00143093               
969            0.00142123               
970            0.0014116                
971            0.00140203               
972            0.00139253               
973            0.00138309               
974            0.00137372               
975            0.00136441               
976            0.00135516               
977            0.00134598               
978            0.00133686               
979            0.0013278                
980            0.0013188                
981            0.00130986               
982            0.00130099               
983            0.00129217               
984            0.00128341               
985            0.00127472               
986            0.00126608               
987            0.0012575                
988            0.00124897               
989            0.00124051               
990            0.0012321                
991            0.00122375               
992            0.00121546               
993            0.00120722               
994            0.00119904               
995            0.00119092               
996            0.00118284               
997            0.00117483               
998            0.00116687               
999            0.00115896               
1000           0.0011511                
1001           0.0011433                
1002           0.00113556               
1003           0.00112786               
1004           0.00112022               
1005           0.00111262               
1006           0.00110508               
1007           0.0010976                
1008           0.00109016               
1009           0.00108277               
1010           0.00107543               
1011           0.00106814               
1012           0.0010609                
1013           0.00105371               
1014           0.00104657               
1015           0.00103948               
1016           0.00103244               
1017           0.00102544               
1018           0.00101849               
1019           0.00101159               
1020           0.00100473               
1021           0.000997923              
1022           0.00099116               
1023           0.000984443              
1024           0.000977771              
1025           0.000971145              
1026           0.000964564              
1027           0.000958027              
1028           0.000951534              
1029           0.000945086              
1030           0.000938681              
1031           0.00093232               
1032           0.000926001              
1033           0.000919726              
1034           0.000913493              
1035           0.000907302              
1036           0.000901153              
1037           0.000895046              
1038           0.00088898               
1039           0.000882956              
1040           0.000876972              
1041           0.000871029              
1042           0.000865126              
1043           0.000859263              
1044           0.00085344               
1045           0.000847656              
1046           0.000841911              
1047           0.000836206              
1048           0.000830539              
1049           0.00082491               
1050           0.00081932               
1051           0.000813767              
1052           0.000808253              
1053           0.000802775              
1054           0.000797335              
1055           0.000791931              
1056           0.000786564              
1057           0.000781234              
1058           0.000775939              
1059           0.000770681              
1060           0.000765458              
1061           0.00076027               
1062           0.000755118              
1063           0.000750001              
1064           0.000744918              
1065           0.00073987               
1066           0.000734855              
1067           0.000729875              
1068           0.000724929              
1069           0.000720016              
1070           0.000715137              
1071           0.00071029               
1072           0.000705477              
1073           0.000700696              
1074           0.000695947              
1075           0.000691231              
1076           0.000686546              
1077           0.000681893              
1078           0.000677272              
1079           0.000672682              
1080           0.000668124              
1081           0.000663596              
1082           0.000659099              
1083           0.000654632              
1084           0.000650195              
1085           0.000645789              
1086           0.000641413              
1087           0.000637066              
1088           0.000632748              
1089           0.00062846               
1090           0.000624201              
1091           0.000619971              
1092           0.000615769              
1093           0.000611596              
1094           0.000607452              
1095           0.000603335              
1096           0.000599246              
1097           0.000595185              
1098           0.000591151              
1099           0.000587145              
1100           0.000583166              
1101           0.000579214              
1102           0.000575289              
1103           0.00057139               
1104           0.000567518              
1105           0.000563672              
1106           0.000559852              
1107           0.000556058              
1108           0.000552289              
1109           0.000548546              
1110           0.000544829              
1111           0.000541136              
1112           0.000537469              
1113           0.000533827              
1114           0.000530209              
1115           0.000526616              
1116           0.000523047              
1117           0.000519502              
1118           0.000515982              
1119           0.000512485              
1120           0.000509012              
1121           0.000505562              
1122           0.000502136              
1123           0.000498733              
1124           0.000495353              
1125           0.000491996              
1126           0.000488662              
1127           0.00048535               
1128           0.000482061              
1129           0.000478794              
1130           0.000475549              
1131           0.000472327              
1132           0.000469126              
1133           0.000465946              
1134           0.000462789              
1135           0.000459652              
1136           0.000456537              
1137           0.000453443              
1138           0.00045037               
1139           0.000447318              
1140           0.000444287              
1141           0.000441276              
1142           0.000438285              
1143           0.000435315              
1144           0.000432365              
1145           0.000429435              
1146           0.000426524              
1147           0.000423634              
1148           0.000420763              
1149           0.000417911              
1150           0.000415079              
1151           0.000412266              
1152           0.000409472              
1153           0.000406697              
1154           0.000403941              
1155           0.000401204              
1156           0.000398485              
1157           0.000395784              
1158           0.000393102              
1159           0.000390438              
1160           0.000387792              
1161           0.000385164              
1162           0.000382554              
1163           0.000379961              
1164           0.000377386              
1165           0.000374829              
1166           0.000372288              
1167           0.000369765              
1168           0.000367259              
1169           0.000364771              
1170           0.000362299              
1171           0.000359843              
1172           0.000357405              
1173           0.000354982              
1174           0.000352577              
1175           0.000350187              
1176           0.000347814              
1177           0.000345457              
1178           0.000343116              
1179           0.000340791              
1180           0.000338481              
1181           0.000336187              
1182           0.000333909              
1183           0.000331646              
1184           0.000329398              
1185           0.000327166              
1186           0.000324949              
1187           0.000322747              
1188           0.000320559              
1189           0.000318387              
1190           0.000316229              
1191           0.000314086              
1192           0.000311958              
1193           0.000309844              
1194           0.000307744              
1195           0.000305658              
1196           0.000303587              
1197           0.000301529              
1198           0.000299486              
1199           0.000297456              
1200           0.00029544               
1201           0.000293438              
1202           0.00029145               
1203           0.000289474              
1204           0.000287513              
1205           0.000285564              
1206           0.000283629              
1207           0.000281707              
1208           0.000279798              
1209           0.000277901              
1210           0.000276018              
1211           0.000274148              
1212           0.00027229               
1213           0.000270444              
1214           0.000268612              
1215           0.000266791              
1216           0.000264983              
1217           0.000263187              
1218           0.000261404              
1219           0.000259632              
1220           0.000257873              
1221           0.000256125              
1222           0.000254389              
1223           0.000252665              
1224           0.000250953              
1225           0.000249252              
1226           0.000247563              
1227           0.000245885              
1228           0.000244219              
1229           0.000242564              
1230           0.00024092               
1231           0.000239287              
1232           0.000237666              
1233           0.000236055              
1234           0.000234455              
1235           0.000232866              
1236           0.000231288              
1237           0.000229721              
1238           0.000228164              
1239           0.000226618              
1240           0.000225082              
1241           0.000223557              
1242           0.000222042              
1243           0.000220537              
1244           0.000219042              
1245           0.000217558              
1246           0.000216083              
1247           0.000214619              
1248           0.000213165              
1249           0.00021172               
1250           0.000210285              
1251           0.00020886               
1252           0.000207445              
1253           0.000206039              
1254           0.000204642              
1255           0.000203256              
1256           0.000201878              
1257           0.00020051               
1258           0.000199151              
1259           0.000197802              
1260           0.000196461              
1261           0.00019513               
1262           0.000193807              
1263           0.000192494              
1264           0.000191189              
1265           0.000189894              
1266           0.000188607              
1267           0.000187328              
1268           0.000186059              
1269           0.000184798              
1270           0.000183546              
1271           0.000182302              
1272           0.000181066              
1273           0.000179839              
1274           0.00017862               
1275           0.00017741               
1276           0.000176208              
1277           0.000175014              
1278           0.000173827              
1279           0.000172649              
1280           0.000171479              
1281           0.000170317              
1282           0.000169163              
1283           0.000168017              
1284           0.000166878              
1285           0.000165747              
1286           0.000164624              
1287           0.000163508              
1288           0.0001624                
1289           0.000161299              
1290           0.000160206              
1291           0.000159121              
1292           0.000158042              
1293           0.000156971              
1294           0.000155907              
1295           0.000154851              
1296           0.000153801              
1297           0.000152759              
1298           0.000151724              
1299           0.000150696              
1300           0.000149674              
1301           0.00014866               
1302           0.000147653              
1303           0.000146652              
1304           0.000145658              
1305           0.000144671              
1306           0.000143691              
1307           0.000142717              
1308           0.00014175               
1309           0.000140789              
1310           0.000139835              
1311           0.000138887              
1312           0.000137946              
1313           0.000137011              
1314           0.000136083              
1315           0.00013516               
1316           0.000134244              
1317           0.000133335              
1318           0.000132431              
1319           0.000131533              
1320           0.000130642              
1321           0.000129757              
1322           0.000128877              
1323           0.000128004              
1324           0.000127136              
1325           0.000126275              
1326           0.000125419              
1327           0.000124569              
1328           0.000123725              
1329           0.000122886              
1330           0.000122054              
1331           0.000121226              
1332           0.000120405              
1333           0.000119589              
1334           0.000118778              
1335           0.000117974              
1336           0.000117174              
1337           0.00011638               
1338           0.000115591              
1339           0.000114808              
1340           0.00011403               
1341           0.000113257              
1342           0.00011249               
1343           0.000111727              
1344           0.00011097               
1345           0.000110218              
1346           0.000109471              
1347           0.000108729              
1348           0.000107992              
1349           0.00010726               
1350           0.000106534              
1351           0.000105812              
1352           0.000105094              
1353           0.000104382              
1354           0.000103675              
1355           0.000102972              
1356           0.000102274              
1357           0.000101581              
1358           0.000100893              
1359           0.000100209              
1360           9.953e-05                
1361           9.88555e-05              
1362           9.81855e-05              
1363           9.75201e-05              
1364           9.68592e-05              
1365           9.62028e-05              
1366           9.55509e-05              
1367           9.49033e-05              
1368           9.42602e-05              
1369           9.36214e-05              
1370           9.29869e-05              
1371           9.23567e-05              
1372           9.17308e-05              
1373           9.11092e-05              
1374           9.04917e-05              
1375           8.98785e-05              
1376           8.92694e-05              
1377           8.86644e-05              
1378           8.80635e-05              
1379           8.74667e-05              
1380           8.68739e-05              
1381           8.62852e-05              
1382           8.57004e-05              
1383           8.51196e-05              
1384           8.45428e-05              
1385           8.39698e-05              
1386           8.34008e-05              
1387           8.28356e-05              
1388           8.22742e-05              
1389           8.17166e-05              
1390           8.11628e-05              
1391           8.06128e-05              
1392           8.00665e-05              
1393           7.95239e-05              
1394           7.89849e-05              
1395           7.84497e-05              
1396           7.7918e-05               
1397           7.739e-05                
1398           7.68655e-05              
1399           7.63446e-05              
1400           7.58272e-05              
1401           7.53133e-05              
1402           7.48029e-05              
1403           7.4296e-05               
1404           7.37925e-05              
1405           7.32924e-05              
1406           7.27957e-05              
1407           7.23024e-05              
1408           7.18124e-05              
1409           7.13257e-05              
1410           7.08423e-05              
1411           7.03622e-05              
1412           6.98854e-05              
1413           6.94118e-05              
1414           6.89414e-05              
1415           6.84741e-05              
1416           6.80101e-05              
1417           6.75492e-05              
1418           6.70914e-05              
1419           6.66367e-05              
1420           6.61851e-05              
1421           6.57366e-05              
1422           6.52911e-05              
1423           6.48486e-05              
1424           6.44092e-05              
1425           6.39727e-05              
1426           6.35391e-05              
1427           6.31085e-05              
1428           6.26808e-05              
1429           6.2256e-05               
1430           6.18341e-05              
1431           6.14151e-05              
1432           6.09989e-05              
1433           6.05855e-05              
1434           6.01749e-05              
1435           5.97671e-05              
1436           5.93621e-05              
1437           5.89598e-05              
1438           5.85602e-05              
1439           5.81633e-05              
1440           5.77692e-05              
1441           5.73777e-05              
1442           5.69888e-05              
1443           5.66026e-05              
1444           5.6219e-05               
1445           5.5838e-05               
1446           5.54596e-05              
1447           5.50837e-05              
1448           5.47104e-05              
1449           5.43397e-05              
1450           5.39714e-05              
1451           5.36056e-05              
1452           5.32424e-05              
1453           5.28815e-05              
1454           5.25232e-05              
1455           5.21672e-05              
1456           5.18137e-05              
1457           5.14625e-05              
1458           5.11138e-05              
1459           5.07674e-05              
1460           5.04233e-05              
1461           5.00816e-05              
1462           4.97422e-05              
1463           4.94051e-05              
1464           4.90703e-05              
1465           4.87377e-05              
1466           4.84074e-05              
1467           4.80794e-05              
1468           4.77536e-05              
1469           4.74299e-05              
1470           4.71085e-05              
1471           4.67892e-05              
1472           4.64722e-05              
1473           4.61572e-05              
1474           4.58444e-05              
1475           4.55337e-05              
1476           4.52251e-05              
1477           4.49187e-05              
1478           4.46142e-05              
1479           4.43119e-05              
1480           4.40116e-05              
1481           4.37133e-05              
1482           4.34171e-05              
1483           4.31228e-05              
1484           4.28306e-05              
1485           4.25403e-05              
1486           4.2252e-05               
1487           4.19657e-05              
1488           4.16813e-05              
1489           4.13988e-05              
1490           4.11183e-05              
1491           4.08396e-05              
1492           4.05628e-05              
1493           4.02879e-05              
1494           4.00149e-05              
1495           3.97437e-05              
1496           3.94744e-05              
1497           3.92069e-05              
1498           3.89412e-05              
1499           3.86773e-05              
1500           3.84152e-05              
1501           3.81548e-05              
1502           3.78962e-05              
1503           3.76394e-05              
1504           3.73843e-05              
1505           3.7131e-05               
1506           3.68793e-05              
1507           3.66294e-05              
1508           3.63812e-05              
1509           3.61346e-05              
1510           3.58897e-05              
1511           3.56465e-05              
1512           3.54049e-05              
1513           3.5165e-05               
1514           3.49267e-05              
1515           3.469e-05                
1516           3.44549e-05              
1517           3.42214e-05              
1518           3.39895e-05              
1519           3.37591e-05              
1520           3.35303e-05              
1521           3.33031e-05              
1522           3.30774e-05              
1523           3.28533e-05              
1524           3.26306e-05              
1525           3.24095e-05              
1526           3.21898e-05              
1527           3.19717e-05              
1528           3.1755e-05               
1529           3.15398e-05              
1530           3.13261e-05              
1531           3.11138e-05              
1532           3.09029e-05              
1533           3.06935e-05              
1534           3.04855e-05              
1535           3.02789e-05              
1536           3.00737e-05              
1537           2.98699e-05              
1538           2.96674e-05              
1539           2.94664e-05              
1540           2.92667e-05              
1541           2.90683e-05              
1542           2.88714e-05              
1543           2.86757e-05              
1544           2.84814e-05              
1545           2.82883e-05              
1546           2.80966e-05              
1547           2.79062e-05              
1548           2.77171e-05              
1549           2.75293e-05              
1550           2.73427e-05              
1551           2.71574e-05              
1552           2.69734e-05              
1553           2.67906e-05              
1554           2.6609e-05               
1555           2.64287e-05              
1556           2.62496e-05              
1557           2.60717e-05              
1558           2.5895e-05               
1559           2.57195e-05              
1560           2.55452e-05              
1561           2.53721e-05              
1562           2.52001e-05              
1563           2.50293e-05              
1564           2.48597e-05              
1565           2.46912e-05              
1566           2.45239e-05              
1567           2.43577e-05              
1568           2.41926e-05              
1569           2.40287e-05              
1570           2.38658e-05              
1571           2.37041e-05              
1572           2.35435e-05              
1573           2.33839e-05              
1574           2.32254e-05              
1575           2.3068e-05               
1576           2.29117e-05              
1577           2.27564e-05              
1578           2.26022e-05              
1579           2.2449e-05               
1580           2.22969e-05              
1581           2.21458e-05              
1582           2.19957e-05              
1583           2.18467e-05              
1584           2.16986e-05              
1585           2.15515e-05              
1586           2.14055e-05              
1587           2.12604e-05              
1588           2.11163e-05              
1589           2.09732e-05              
1590           2.08311e-05              
1591           2.06899e-05              
1592           2.05497e-05              
1593           2.04105e-05              
1594           2.02721e-05              
1595           2.01348e-05              
1596           1.99983e-05              
1597           1.98628e-05              
1598           1.97282e-05              
1599           1.95945e-05              
1600           1.94617e-05              
1601           1.93298e-05              
1602           1.91988e-05              
1603           1.90687e-05              
1604           1.89394e-05              
1605           1.88111e-05              
1606           1.86836e-05              
1607           1.8557e-05               
1608           1.84312e-05              
1609           1.83063e-05              
1610           1.81823e-05              
1611           1.8059e-05               
1612           1.79367e-05              
1613           1.78151e-05              
1614           1.76944e-05              
1615           1.75745e-05              
1616           1.74553e-05              
1617           1.73371e-05              
1618           1.72196e-05              
1619           1.71029e-05              
1620           1.6987e-05               
1621           1.68718e-05              
1622           1.67575e-05              
1623           1.66439e-05              
1624           1.65311e-05              
1625           1.64191e-05              
1626           1.63078e-05              
1627           1.61973e-05              
1628           1.60875e-05              
1629           1.59785e-05              
1630           1.58702e-05              
1631           1.57627e-05              
1632           1.56559e-05              
1633           1.55498e-05              
1634           1.54444e-05              
1635           1.53397e-05              
1636           1.52358e-05              
1637           1.51325e-05              
1638           1.503e-05                
1639           1.49281e-05              
1640           1.48269e-05              
1641           1.47264e-05              
1642           1.46266e-05              
1643           1.45275e-05              
1644           1.44291e-05              
1645           1.43313e-05              
1646           1.42342e-05              
1647           1.41377e-05              
1648           1.40419e-05              
1649           1.39467e-05              
1650           1.38522e-05              
1651           1.37583e-05              
1652           1.36651e-05              
1653           1.35725e-05              
1654           1.34805e-05              
1655           1.33891e-05              
1656           1.32984e-05              
1657           1.32083e-05              
1658           1.31188e-05              
1659           1.30299e-05              
1660           1.29416e-05              
1661           1.28539e-05              
1662           1.27667e-05              
1663           1.26802e-05              
1664           1.25943e-05              
1665           1.25089e-05              
1666           1.24242e-05              
1667           1.234e-05                
1668           1.22563e-05              
1669           1.21733e-05              
1670           1.20908e-05              
1671           1.20088e-05              
1672           1.19275e-05              
1673           1.18466e-05              
1674           1.17663e-05              
1675           1.16866e-05              
1676           1.16074e-05              
1677           1.15287e-05              
1678           1.14506e-05              
1679           1.1373e-05               
1680           1.12959e-05              
1681           1.12194e-05              
1682           1.11433e-05              
1683           1.10678e-05              
1684           1.09928e-05              
1685           1.09183e-05              
1686           1.08443e-05              
1687           1.07708e-05              
1688           1.06978e-05              
1689           1.06253e-05              
1690           1.05533e-05              
1691           1.04818e-05              
1692           1.04108e-05              
1693           1.03402e-05              
1694           1.02702e-05              
1695           1.02006e-05              
1696           1.01314e-05              
1697           1.00628e-05              
1698           9.99457e-06              
1699           9.92684e-06              
1700           9.85956e-06              
1701           9.79275e-06              
1702           9.72638e-06              
1703           9.66046e-06              
1704           9.595e-06                
1705           9.52997e-06              
1706           9.46539e-06              
1707           9.40124e-06              
1708           9.33753e-06              
1709           9.27425e-06              
1710           9.2114e-06               
1711           9.14897e-06              
1712           9.08697e-06              
1713           9.02539e-06              
1714           8.96422e-06              
1715           8.90347e-06              
1716           8.84313e-06              
1717           8.7832e-06               
1718           8.72368e-06              
1719           8.66456e-06              
1720           8.60584e-06              
1721           8.54752e-06              
1722           8.48959e-06              
1723           8.43206e-06              
1724           8.37491e-06              
1725           8.31816e-06              
1726           8.26178e-06              
1727           8.20579e-06              
1728           8.15018e-06              
1729           8.09495e-06              
1730           8.04009e-06              
1731           7.9856e-06               
1732           7.93149e-06              
1733           7.87773e-06              
1734           7.82435e-06              
1735           7.77132e-06              
1736           7.71865e-06              
1737           7.66635e-06              
1738           7.61439e-06              
1739           7.56279e-06              
1740           7.51154e-06              
1741           7.46063e-06              
1742           7.41007e-06              
1743           7.35985e-06              
1744           7.30997e-06              
1745           7.26043e-06              
1746           7.21123e-06              
1747           7.16236e-06              
1748           7.11382e-06              
1749           7.06561e-06              
1750           7.01773e-06              
1751           6.97017e-06              
1752           6.92293e-06              
1753           6.87601e-06              
1754           6.82942e-06              
1755           6.78313e-06              
1756           6.73716e-06              
1757           6.69151e-06              
1758           6.64616e-06              
1759           6.60112e-06              
1760           6.55638e-06              
1761           6.51195e-06              
1762           6.46782e-06              
1763           6.42399e-06              
1764           6.38045e-06              
1765           6.33721e-06              
1766           6.29426e-06              
1767           6.25161e-06              
1768           6.20924e-06              
1769           6.16716e-06              
1770           6.12537e-06              
1771           6.08385e-06              
1772           6.04262e-06              
1773           6.00167e-06              
1774           5.961e-06                
1775           5.9206e-06               
1776           5.88048e-06              
1777           5.84063e-06              
1778           5.80104e-06              
1779           5.76173e-06              
1780           5.72268e-06              
1781           5.6839e-06               
1782           5.64538e-06              
1783           5.60712e-06              
1784           5.56912e-06              
1785           5.53138e-06              
1786           5.4939e-06               
1787           5.45666e-06              
1788           5.41968e-06              
1789           5.38295e-06              
1790           5.34647e-06              
1791           5.31024e-06              
1792           5.27425e-06              
1793           5.23851e-06              
1794           5.20301e-06              
1795           5.16775e-06              
1796           5.13273e-06              
1797           5.09794e-06              
1798           5.06339e-06              
1799           5.02908e-06              
1800           4.995e-06                
1801           4.96115e-06              
1802           4.92752e-06              
1803           4.89413e-06              
1804           4.86096e-06              
1805           4.82802e-06              
1806           4.7953e-06               
1807           4.7628e-06               
1808           4.73053e-06              
1809           4.69847e-06              
1810           4.66663e-06              
1811           4.635e-06                
1812           4.60359e-06              
1813           4.57239e-06              
1814           4.5414e-06               
1815           4.51063e-06              
1816           4.48006e-06              
1817           4.4497e-06               
1818           4.41954e-06              
1819           4.38959e-06              
1820           4.35984e-06              
1821           4.3303e-06               
1822           4.30095e-06              
1823           4.2718e-06               
1824           4.24285e-06              
1825           4.2141e-06               
1826           4.18554e-06              
1827           4.15717e-06              
1828           4.129e-06                
1829           4.10102e-06              
1830           4.07323e-06              
1831           4.04562e-06              
1832           4.0182e-06               
1833           3.99097e-06              
1834           3.96393e-06              
1835           3.93706e-06              
1836           3.91038e-06              
1837           3.88388e-06              
1838           3.85756e-06              
1839           3.83142e-06              
1840           3.80545e-06              
1841           3.77966e-06              
1842           3.75405e-06              
1843           3.72861e-06              
1844           3.70334e-06              
1845           3.67824e-06              
1846           3.65331e-06              
1847           3.62856e-06              
1848           3.60396e-06              
1849           3.57954e-06              
1850           3.55528e-06              
1851           3.53119e-06              
1852           3.50726e-06              
1853           3.48349e-06              
1854           3.45988e-06              
1855           3.43643e-06              
1856           3.41314e-06              
1857           3.39001e-06              
1858           3.36704e-06              
1859           3.34422e-06              
1860           3.32156e-06              
1861           3.29905e-06              
1862           3.27669e-06              
1863           3.25448e-06              
1864           3.23243e-06              
1865           3.21052e-06              
1866           3.18876e-06              
1867           3.16715e-06              
1868           3.14569e-06              
1869           3.12437e-06              
1870           3.1032e-06               
1871           3.08217e-06              
1872           3.06128e-06              
1873           3.04053e-06              
1874           3.01993e-06              
1875           2.99946e-06              
1876           2.97914e-06              
1877           2.95895e-06              
1878           2.93889e-06              
1879           2.91898e-06              
1880           2.89919e-06              
1881           2.87955e-06              
1882           2.86003e-06              
1883           2.84065e-06              
1884           2.8214e-06               
1885           2.80228e-06              
1886           2.78329e-06              
1887           2.76442e-06              
1888           2.74569e-06              
1889           2.72708e-06              
1890           2.7086e-06               
1891           2.69025e-06              
1892           2.67201e-06              
1893           2.65391e-06              
1894           2.63592e-06              
1895           2.61806e-06              
1896           2.60031e-06              
1897           2.58269e-06              
1898           2.56519e-06              
1899           2.5478e-06               
1900           2.53054e-06              
1901           2.51339e-06              
1902           2.49636e-06              
1903           2.47944e-06              
1904           2.46263e-06              
1905           2.44595e-06              
1906           2.42937e-06              
1907           2.41291e-06              
1908           2.39655e-06              
1909           2.38031e-06              
1910           2.36418e-06              
1911           2.34816e-06              
1912           2.33224e-06              
1913           2.31644e-06              
1914           2.30074e-06              
1915           2.28515e-06              
1916           2.26966e-06              
1917           2.25428e-06              
1918           2.239e-06                
1919           2.22383e-06              
1920           2.20876e-06              
1921           2.19379e-06              
1922           2.17892e-06              
1923           2.16416e-06              
1924           2.14949e-06              
1925           2.13492e-06              
1926           2.12045e-06              
1927           2.10608e-06              
1928           2.09181e-06              
1929           2.07764e-06              
1930           2.06356e-06              
1931           2.04957e-06              
1932           2.03568e-06              
1933           2.02188e-06              
1934           2.00818e-06              
1935           1.99457e-06              
1936           1.98106e-06              
1937           1.96763e-06              
1938           1.9543e-06               
1939           1.94105e-06              
1940           1.9279e-06               
1941           1.91483e-06              
1942           1.90185e-06              
1943           1.88897e-06              
1944           1.87616e-06              
1945           1.86345e-06              
1946           1.85082e-06              
1947           1.83828e-06              
1948           1.82582e-06              
1949           1.81345e-06              
1950           1.80116e-06              
1951           1.78895e-06              
1952           1.77683e-06              
1953           1.76479e-06              
1954           1.75283e-06              
1955           1.74095e-06              
1956           1.72915e-06              
1957           1.71743e-06              
1958           1.70579e-06              
1959           1.69423e-06              
1960           1.68275e-06              
1961           1.67135e-06              
1962           1.66002e-06              
1963           1.64877e-06              
1964           1.63759e-06              
1965           1.6265e-06               
1966           1.61547e-06              
1967           1.60453e-06              
1968           1.59365e-06              
1969           1.58285e-06              
1970           1.57213e-06              
1971           1.56147e-06              
1972           1.55089e-06              
1973           1.54038e-06              
1974           1.52994e-06              
1975           1.51957e-06              
1976           1.50927e-06              
1977           1.49904e-06              
1978           1.48889e-06              
1979           1.4788e-06               
1980           1.46877e-06              
1981           1.45882e-06              
1982           1.44893e-06              
1983           1.43911e-06              
1984           1.42936e-06              
1985           1.41967e-06              
1986           1.41005e-06              
1987           1.4005e-06               
1988           1.39101e-06              
1989           1.38158e-06              
1990           1.37222e-06              
1991           1.36292e-06              
1992           1.35368e-06              
1993           1.34451e-06              
1994           1.33539e-06              
1995           1.32635e-06              
1996           1.31736e-06              
1997           1.30843e-06              
1998           1.29956e-06              
1999           1.29075e-06              
2000           1.28201e-06              
2001           1.27332e-06              
2002           1.26469e-06              
2003           1.25612e-06              
2004           1.24761e-06              
2005           1.23915e-06              
2006           1.23075e-06              
2007           1.22241e-06              
2008           1.21413e-06              
2009           1.2059e-06               
2010           1.19773e-06              
2011           1.18961e-06              
2012           1.18155e-06              
2013           1.17354e-06              
2014           1.16559e-06              
2015           1.15769e-06              
2016           1.14984e-06              
2017           1.14205e-06              
2018           1.13431e-06              
2019           1.12662e-06              
2020           1.11899e-06              
2021           1.11141e-06              
2022           1.10387e-06              
2023           1.09639e-06              
2024           1.08896e-06              
2025           1.08158e-06              
2026           1.07425e-06              
2027           1.06697e-06              
2028           1.05974e-06              
2029           1.05256e-06              
2030           1.04543e-06              
2031           1.03834e-06              
2032           1.03131e-06              
2033           1.02432e-06              
2034           1.01737e-06              
2035           1.01048e-06              
2036           1.00363e-06              
2037           9.9683e-07               
