#Details of numerical method Gauss Seidel for a linear sistem Ax = b through Gauss-Seidel algorithm. A is 100x100 matrix. x and b are 100vectors.
# 1-iterations 2-residual (LinfNorm)    
0              9039.5                   
1              4005.12                  
2              1774.55                  
3              875.771                  
4              582.041                  
5              430.871                  
6              330.777                  
7              262.357                  
8              213.639                  
9              182.302                  
10             157.446                  
11             137.241                  
12             120.645                  
13             106.868                  
14             95.3108                  
15             85.5229                  
16             77.1598                  
17             70.3853                  
18             64.5741                  
19             59.4239                  
20             54.841                   
21             50.7469                  
22             47.0756                  
23             43.7717                  
24             40.7882                  
25             38.0854                  
26             35.6294                  
27             33.3914                  
28             31.3464                  
29             29.473                   
30             27.7527                  
31             26.1794                  
32             24.784                   
33             23.488                   
34             22.2825                  
35             21.1594                  
36             20.1115                  
37             19.1326                  
38             18.2167                  
39             17.3589                  
40             16.5543                  
41             15.7988                  
42             15.0886                  
43             14.4203                  
44             13.7907                  
45             13.1969                  
46             12.6365                  
47             12.107                   
48             11.6062                  
49             11.1322                  
50             10.6833                  
51             10.2576                  
52             9.85371                  
53             9.47022                  
54             9.10582                  
55             8.75932                  
56             8.42962                  
57             8.11569                  
58             7.81659                  
59             7.53315                  
60             7.26713                  
61             7.01287                  
62             6.76971                  
63             6.53705                  
64             6.31434                  
65             6.10105                  
66             5.89669                  
67             5.7008                   
68             5.51294                  
69             5.33272                  
70             5.15974                  
71             4.99366                  
72             4.83413                  
73             4.68085                  
74             4.5335                   
75             4.39181                  
76             4.25552                  
77             4.12437                  
78             3.99812                  
79             3.87656                  
80             3.75948                  
81             3.64666                  
82             3.53793                  
83             3.43311                  
84             3.33202                  
85             3.2345                   
86             3.14041                  
87             3.04959                  
88             2.96192                  
89             2.87725                  
90             2.79547                  
91             2.71645                  
92             2.64009                  
93             2.56627                  
94             2.49491                  
95             2.42589                  
96             2.35913                  
97             2.29453                  
98             2.23203                  
99             2.17152                  
100            2.11295                  
101            2.05623                  
102            2.0013                   
103            1.94808                  
104            1.89652                  
105            1.84656                  
106            1.79813                  
107            1.75118                  
108            1.70566                  
109            1.66151                  
110            1.6187                   
111            1.57716                  
112            1.53686                  
113            1.49774                  
114            1.45978                  
115            1.42294                  
116            1.38716                  
117            1.35242                  
118            1.31868                  
119            1.28591                  
120            1.25408                  
121            1.22315                  
122            1.19309                  
123            1.16407                  
124            1.13592                  
125            1.10855                  
126            1.08192                  
127            1.05602                  
128            1.03083                  
129            1.00632                  
130            0.982471                 
131            0.959261                 
132            0.936673                 
133            0.914687                 
134            0.893283                 
135            0.872446                 
136            0.852157                 
137            0.8324                   
138            0.813158                 
139            0.794418                 
140            0.776163                 
141            0.758379                 
142            0.741053                 
143            0.724171                 
144            0.70772                  
145            0.691688                 
146            0.676062                 
147            0.660831                 
148            0.645984                 
149            0.631509                 
150            0.617396                 
151            0.603634                 
152            0.590215                 
153            0.577127                 
154            0.564362                 
155            0.551912                 
156            0.539766                 
157            0.527918                 
158            0.516357                 
159            0.505078                 
160            0.494071                 
161            0.48333                  
162            0.472848                 
163            0.462617                 
164            0.45263                  
165            0.442882                 
166            0.433365                 
167            0.424074                 
168            0.415002                 
169            0.406144                 
170            0.397494                 
171            0.389047                 
172            0.380798                 
173            0.37274                  
174            0.36487                  
175            0.357182                 
176            0.349672                 
177            0.342335                 
178            0.335166                 
179            0.328162                 
180            0.321319                 
181            0.314631                 
182            0.308095                 
183            0.301708                 
184            0.295466                 
185            0.289364                 
186            0.2834                   
187            0.27757                  
188            0.27187                  
189            0.266298                 
190            0.26085                  
191            0.255524                 
192            0.250316                 
193            0.245223                 
194            0.240243                 
195            0.235373                 
196            0.230609                 
197            0.225951                 
198            0.221394                 
199            0.216937                 
200            0.212577                 
201            0.208312                 
202            0.20414                  
203            0.200058                 
204            0.196064                 
205            0.192157                 
206            0.188333                 
207            0.184592                 
208            0.180931                 
209            0.177348                 
210            0.173842                 
211            0.17041                  
212            0.167052                 
213            0.163764                 
214            0.160547                 
215            0.157397                 
216            0.154314                 
217            0.151296                 
218            0.148341                 
219            0.145448                 
220            0.142616                 
221            0.139843                 
222            0.137128                 
223            0.13447                  
224            0.131866                 
225            0.129317                 
226            0.126821                 
227            0.124376                 
228            0.121981                 
229            0.119636                 
230            0.117339                 
231            0.11509                  
232            0.112886                 
233            0.110728                 
234            0.108613                 
235            0.106542                 
236            0.104513                 
237            0.102525                 
238            0.100577                 
239            0.0986692                
240            0.0967997                
241            0.0949679                
242            0.0931731                
243            0.0914144                
244            0.089691                 
245            0.0880022                
246            0.0863472                
247            0.0847254                
248            0.0831359                
249            0.0815781                
250            0.0800514                
251            0.078555                 
252            0.0770883                
253            0.0756506                
254            0.0742414                
255            0.0728601                
256            0.071506                 
257            0.0701786                
258            0.0688774                
259            0.0676017                
260            0.066351                 
261            0.0651248                
262            0.0639226                
263            0.0627439                
264            0.0615882                
265            0.0604551                
266            0.0593439                
267            0.0582544                
268            0.057186                 
269            0.0561383                
270            0.0551109                
271            0.0541034                
272            0.0531152                
273            0.0521462                
274            0.0511958                
275            0.0502637                
276            0.0493494                
277            0.0484527                
278            0.0475732                
279            0.0467105                
280            0.0458643                
281            0.0450343                
282            0.04422                  
283            0.0434213                
284            0.0426377                
285            0.0418691                
286            0.041115                 
287            0.0403751                
288            0.0396493                
289            0.0389372                
290            0.0382386                
291            0.0375531                
292            0.0368805                
293            0.0362206                
294            0.0355731                
295            0.0349377                
296            0.0343143                
297            0.0337025                
298            0.0331022                
299            0.032513                 
300            0.0319349                
301            0.0313676                
302            0.0308108                
303            0.0302644                
304            0.0297281                
305            0.0292018                
306            0.0286852                
307            0.0281782                
308            0.0276806                
309            0.0271922                
310            0.0267128                
311            0.0262423                
312            0.0257804                
313            0.025327                 
314            0.024882                 
315            0.0244451                
316            0.0240163                
317            0.0235953                
318            0.023182                 
319            0.0227763                
320            0.022378                 
321            0.021987                 
322            0.0216031                
323            0.0212262                
324            0.0208562                
325            0.0204929                
326            0.0201362                
327            0.019786                 
328            0.0194421                
329            0.0191044                
330            0.0187729                
331            0.0184474                
332            0.0181277                
333            0.0178139                
334            0.0175056                
335            0.017203                 
336            0.0169058                
337            0.0166139                
338            0.0163273                
339            0.0160458                
340            0.0157694                
341            0.0154979                
342            0.0152313                
343            0.0149695                
344            0.0147123                
345            0.0144598                
346            0.0142117                
347            0.0139681                
348            0.0137288                
349            0.0134937                
350            0.0132629                
351            0.0130361                
352            0.0128134                
353            0.0125947                
354            0.0123798                
355            0.0121687                
356            0.0119613                
357            0.0117576                
358            0.0115576                
359            0.0113613                
360            0.0111686                
361            0.0109792                
362            0.0107931                
363            0.0106103                
364            0.0104307                
365            0.0102543                
366            0.010081                 
367            0.00991068               
368            0.00974336               
369            0.00957896               
370            0.00941744               
371            0.00925873               
372            0.00910279               
373            0.00894958               
374            0.00879903               
375            0.0086511                
376            0.00850574               
377            0.00836292               
378            0.00822257               
379            0.00808466               
380            0.00794914               
381            0.00781597               
382            0.0076851                
383            0.0075565                
384            0.00743013               
385            0.00730594               
386            0.00718389               
387            0.00706395               
388            0.00694608               
389            0.00683024               
390            0.00671639               
391            0.00660451               
392            0.00649455               
393            0.00638648               
394            0.00628026               
395            0.00617587               
396            0.00607327               
397            0.00597243               
398            0.00587332               
399            0.0057759                
400            0.00568015               
401            0.00558604               
402            0.00549354               
403            0.00540261               
404            0.00531324               
405            0.00522539               
406            0.00513904               
407            0.00505416               
408            0.00497072               
409            0.00488871               
410            0.00480808               
411            0.00472883               
412            0.00465092               
413            0.00457434               
414            0.00449906               
415            0.00442505               
416            0.00435229               
417            0.00428077               
418            0.00421045               
419            0.00414133               
420            0.00407337               
421            0.00400656               
422            0.00394088               
423            0.0038763                
424            0.00381282               
425            0.0037504                
426            0.00368904               
427            0.00362871               
428            0.00356939               
429            0.00351107               
430            0.00345373               
431            0.00339735               
432            0.00334192               
433            0.00328742               
434            0.00323383               
435            0.00318114               
436            0.00312933               
437            0.00307839               
438            0.0030283                
439            0.00297905               
440            0.00293062               
441            0.002883                 
442            0.00283618               
443            0.00279013               
444            0.00274486               
445            0.00270033               
446            0.00265655               
447            0.0026135                
448            0.00257117               
449            0.00252953               
450            0.00248859               
451            0.00244833               
452            0.00240874               
453            0.00236981               
454            0.00233152               
455            0.00229386               
456            0.00225683               
457            0.00222041               
458            0.0021846                
459            0.00214938               
460            0.00211474               
461            0.00208067               
462            0.00204716               
463            0.00201421               
464            0.0019818                
465            0.00194993               
466            0.00191858               
467            0.00188775               
468            0.00185742               
469            0.0018276                
470            0.00179827               
471            0.00176941               
472            0.00174104               
473            0.00171312               
474            0.00168567               
475            0.00165867               
476            0.00163211               
477            0.00160598               
478            0.00158029               
479            0.00155501               
480            0.00153015               
481            0.0015057                
482            0.00148164               
483            0.00145798               
484            0.00143471               
485            0.00141181               
486            0.00138929               
487            0.00136714               
488            0.00134535               
489            0.00132391               
490            0.00130283               
491            0.00128209               
492            0.00126168               
493            0.00124161               
494            0.00122186               
495            0.00120244               
496            0.00118333               
497            0.00116453               
498            0.00114603               
499            0.00112784               
500            0.00110994               
501            0.00109234               
502            0.00107501               
503            0.00105797               
504            0.00104121               
505            0.00102471               
506            0.00100849               
507            0.000992522              
508            0.000976816              
509            0.000961363              
510            0.000946161              
511            0.000931204              
512            0.000916489              
513            0.000902011              
514            0.000887767              
515            0.000873752              
516            0.000859964              
517            0.000846397              
518            0.000833049              
519            0.000819916              
520            0.000806995              
521            0.000794281              
522            0.000781772              
523            0.000769464              
524            0.000757353              
525            0.000745438              
526            0.000733713              
527            0.000722177              
528            0.000710826              
529            0.000699656              
530            0.000688666              
531            0.000677852              
532            0.000667211              
533            0.000656741              
534            0.000646438              
535            0.0006363                
536            0.000626325              
537            0.000616508              
538            0.000606849              
539            0.000597344              
540            0.000587991              
541            0.000578787              
542            0.00056973               
543            0.000560817              
544            0.000552047              
545            0.000543416              
546            0.000534923              
547            0.000526566              
548            0.000518341              
549            0.000510247              
550            0.000502282              
551            0.000494444              
552            0.000486731              
553            0.00047914               
554            0.000471669              
555            0.000464318              
556            0.000457083              
557            0.000449963              
558            0.000442956              
559            0.00043606               
560            0.000429273              
561            0.000422594              
562            0.000416021              
563            0.000409552              
564            0.000403185              
565            0.000396919              
566            0.000390752              
567            0.000384683              
568            0.00037871               
569            0.000372831              
570            0.000367045              
571            0.000361351              
572            0.000355746              
573            0.00035023               
574            0.000344801              
575            0.000339458              
576            0.000334199              
577            0.000329023              
578            0.000323928              
579            0.000318914              
580            0.000313979              
581            0.000309121              
582            0.00030434               
583            0.000299634              
584            0.000295002              
585            0.000290443              
586            0.000285956              
587            0.000281539              
588            0.000277191              
589            0.000272912              
590            0.0002687                
591            0.000264554              
592            0.000260473              
593            0.000256456              
594            0.000252503              
595            0.000248611              
596            0.00024478               
597            0.000241009              
598            0.000237297              
599            0.000233644              
600            0.000230047              
601            0.000226507              
602            0.000223022              
603            0.000219592              
604            0.000216215              
605            0.000212891              
606            0.000209619              
607            0.000206398              
608            0.000203227              
609            0.000200106              
610            0.000197034              
611            0.000194009              
612            0.000191032              
613            0.000188101              
614            0.000185216              
615            0.000182376              
616            0.00017958               
617            0.000176827              
618            0.000174118              
619            0.00017145               
620            0.000168824              
621            0.000166239              
622            0.000163694              
623            0.000161189              
624            0.000158722              
625            0.000156294              
626            0.000153904              
627            0.000151551              
628            0.000149234              
629            0.000146953              
630            0.000144708              
631            0.000142497              
632            0.000140321              
633            0.000138179              
634            0.000136069              
635            0.000133993              
636            0.000131948              
637            0.000129936              
638            0.000127954              
639            0.000126003              
640            0.000124082              
641            0.000122191              
642            0.000120329              
643            0.000118496              
644            0.000116692              
645            0.000114915              
646            0.000113166              
647            0.000111443              
648            0.000109748              
649            0.000108078              
650            0.000106434              
651            0.000104816              
652            0.000103222              
653            0.000101653              
654            0.000100109              
655            9.85879e-05              
656            9.70904e-05              
657            9.5616e-05               
658            9.41643e-05              
659            9.2735e-05               
660            9.13277e-05              
661            8.9942e-05               
662            8.85777e-05              
663            8.72343e-05              
664            8.59116e-05              
665            8.46092e-05              
666            8.33269e-05              
667            8.20642e-05              
668            8.0821e-05               
669            7.95968e-05              
670            7.83914e-05              
671            7.72046e-05              
672            7.60359e-05              
673            7.48852e-05              
674            7.37522e-05              
675            7.26365e-05              
676            7.15379e-05              
677            7.04562e-05              
678            6.9391e-05               
679            6.83422e-05              
680            6.73094e-05              
681            6.62924e-05              
682            6.5291e-05               
683            6.4305e-05               
684            6.3334e-05               
685            6.23779e-05              
686            6.14364e-05              
687            6.05093e-05              
688            5.95964e-05              
689            5.86974e-05              
690            5.78122e-05              
691            5.69405e-05              
692            5.60821e-05              
693            5.52368e-05              
694            5.44045e-05              
695            5.35848e-05              
696            5.27776e-05              
697            5.19828e-05              
698            5.12e-05                 
699            5.04293e-05              
700            4.96702e-05              
701            4.89228e-05              
702            4.81867e-05              
703            4.74618e-05              
704            4.6748e-05               
705            4.60451e-05              
706            4.53528e-05              
707            4.46711e-05              
708            4.39998e-05              
709            4.33387e-05              
710            4.26876e-05              
711            4.20464e-05              
712            4.1415e-05               
713            4.07932e-05              
714            4.01809e-05              
715            3.95778e-05              
716            3.89839e-05              
717            3.83991e-05              
718            3.78231e-05              
719            3.72558e-05              
720            3.66972e-05              
721            3.6147e-05               
722            3.56052e-05              
723            3.50716e-05              
724            3.45461e-05              
725            3.40286e-05              
726            3.35189e-05              
727            3.3017e-05               
728            3.25226e-05              
729            3.20358e-05              
730            3.15563e-05              
731            3.10841e-05              
732            3.0619e-05               
733            3.0161e-05               
734            2.97099e-05              
735            2.92656e-05              
736            2.8828e-05               
737            2.83971e-05              
738            2.79727e-05              
739            2.75547e-05              
740            2.7143e-05               
741            2.67375e-05              
742            2.63382e-05              
743            2.59449e-05              
744            2.55575e-05              
745            2.5176e-05               
746            2.48002e-05              
747            2.44302e-05              
748            2.40657e-05              
749            2.37067e-05              
750            2.33531e-05              
751            2.30048e-05              
752            2.26618e-05              
753            2.2324e-05               
754            2.19913e-05              
755            2.16636e-05              
756            2.13408e-05              
757            2.10229e-05              
758            2.07098e-05              
759            2.04013e-05              
760            2.00976e-05              
761            1.97984e-05              
762            1.95037e-05              
763            1.92134e-05              
764            1.89275e-05              
765            1.86459e-05              
766            1.83686e-05              
767            1.80954e-05              
768            1.78263e-05              
769            1.75613e-05              
770            1.73002e-05              
771            1.70431e-05              
772            1.67898e-05              
773            1.65404e-05              
774            1.62947e-05              
775            1.60526e-05              
776            1.58142e-05              
777            1.55794e-05              
778            1.53481e-05              
779            1.51203e-05              
780            1.48959e-05              
781            1.46749e-05              
782            1.44571e-05              
783            1.42427e-05              
784            1.40314e-05              
785            1.38233e-05              
786            1.36184e-05              
787            1.34165e-05              
788            1.32176e-05              
789            1.30217e-05              
790            1.28288e-05              
791            1.26387e-05              
792            1.24515e-05              
793            1.22671e-05              
794            1.20854e-05              
795            1.19064e-05              
796            1.17302e-05              
797            1.15565e-05              
798            1.13855e-05              
799            1.1217e-05               
800            1.10511e-05              
801            1.08876e-05              
802            1.07265e-05              
803            1.05679e-05              
804            1.04117e-05              
805            1.02577e-05              
806            1.01061e-05              
807            9.95672e-06              
808            9.80958e-06              
809            9.66464e-06              
810            9.52186e-06              
811            9.38121e-06              
812            9.24266e-06              
813            9.10617e-06              
814            8.97172e-06              
815            8.83927e-06              
816            8.7088e-06               
817            8.58027e-06              
818            8.45366e-06              
819            8.32894e-06              
820            8.20607e-06              
821            8.08503e-06              
822            7.96579e-06              
823            7.84833e-06              
824            7.73262e-06              
825            7.61863e-06              
826            7.50633e-06              
827            7.39571e-06              
828            7.28673e-06              
829            7.17938e-06              
830            7.07362e-06              
831            6.96943e-06              
832            6.86679e-06              
833            6.76568e-06              
834            6.66607e-06              
835            6.56794e-06              
836            6.47127e-06              
837            6.37603e-06              
838            6.28221e-06              
839            6.18978e-06              
840            6.09873e-06              
841            6.00902e-06              
842            5.92065e-06              
843            5.83359e-06              
844            5.74782e-06              
845            5.66332e-06              
846            5.58008e-06              
847            5.49807e-06              
848            5.41728e-06              
849            5.33768e-06              
850            5.25927e-06              
851            5.18202e-06              
852            5.10591e-06              
853            5.03093e-06              
854            4.95706e-06              
855            4.88429e-06              
856            4.81259e-06              
857            4.74195e-06              
858            4.67236e-06              
859            4.60381e-06              
860            4.53626e-06              
861            4.46972e-06              
862            4.40416e-06              
863            4.33957e-06              
864            4.27593e-06              
865            4.21324e-06              
866            4.15147e-06              
867            4.09062e-06              
868            4.03067e-06              
869            3.9716e-06               
870            3.91341e-06              
871            3.85607e-06              
872            3.79959e-06              
873            3.74393e-06              
874            3.6891e-06               
875            3.63508e-06              
876            3.58186e-06              
877            3.52942e-06              
878            3.47776e-06              
879            3.42686e-06              
880            3.37671e-06              
881            3.3273e-06               
882            3.27862e-06              
883            3.23066e-06              
884            3.18341e-06              
885            3.13685e-06              
886            3.09098e-06              
887            3.04579e-06              
888            3.00126e-06              
889            2.95739e-06              
890            2.91416e-06              
891            2.87157e-06              
892            2.82961e-06              
893            2.78827e-06              
894            2.74754e-06              
895            2.7074e-06               
896            2.66786e-06              
897            2.6289e-06               
898            2.59051e-06              
899            2.55269e-06              
900            2.51542e-06              
901            2.47871e-06              
902            2.44253e-06              
903            2.40689e-06              
904            2.37177e-06              
905            2.33716e-06              
906            2.30307e-06              
907            2.26947e-06              
908            2.23637e-06              
909            2.20376e-06              
910            2.17163e-06              
911            2.13996e-06              
912            2.10877e-06              
913            2.07803e-06              
914            2.04774e-06              
915            2.0179e-06               
916            1.9885e-06               
917            1.95953e-06              
918            1.93098e-06              
919            1.90285e-06              
920            1.87514e-06              
921            1.84783e-06              
922            1.82092e-06              
923            1.79441e-06              
924            1.76829e-06              
925            1.74255e-06              
926            1.71719e-06              
927            1.6922e-06               
928            1.66757e-06              
929            1.64331e-06              
930            1.6194e-06               
931            1.59584e-06              
932            1.57263e-06              
933            1.54976e-06              
934            1.52722e-06              
935            1.50502e-06              
936            1.48314e-06              
937            1.46158e-06              
938            1.44033e-06              
939            1.4194e-06               
940            1.39877e-06              
941            1.37844e-06              
942            1.35842e-06              
943            1.33868e-06              
944            1.31924e-06              
945            1.30007e-06              
946            1.28119e-06              
947            1.26259e-06              
948            1.24426e-06              
949            1.22619e-06              
950            1.20839e-06              
951            1.19085e-06              
952            1.17357e-06              
953            1.15654e-06              
954            1.13975e-06              
955            1.12322e-06              
956            1.10692e-06              
957            1.09086e-06              
958            1.07504e-06              
959            1.05945e-06              
960            1.04409e-06              
961            1.02895e-06              
962            1.01403e-06              
963            9.99326e-07              
