#Details of numerical method Gauss Seidel for a linear sistem Ax = b through Gauss-Seidel algorithm. A is 100x100 matrix. x and b are 100vectors.
# 1-iterations 2-residual (LinfNorm)    
0              9140.5                   
1              4095.12                  
2              1834.7                   
3              907.434                  
4              609.823                  
5              452.424                  
6              348.082                  
7              276.686                  
8              227.261                  
9              194.831                  
10             168.635                  
11             147.315                  
12             129.784                  
13             115.214                  
14             102.979                  
15             92.6055                  
16             84.2748                  
17             77.2342                  
18             71.0124                  
19             65.4915                  
20             60.5727                  
21             56.1732                  
22             52.2232                  
23             48.6641                  
24             45.4462                  
25             42.5274                  
26             39.872                   
27             37.4491                  
28             35.2336                  
29             33.3114                  
30             31.5326                  
31             29.8838                  
32             28.3528                  
33             26.9289                  
34             25.6026                  
35             24.3652                  
36             23.2092                  
37             22.1277                  
38             21.1146                  
39             20.1642                  
40             19.2716                  
41             18.4323                  
42             17.6422                  
43             16.8976                  
44             16.1951                  
45             15.5317                  
46             14.9046                  
47             14.3113                  
48             13.7493                  
49             13.2166                  
50             12.7113                  
51             12.2459                  
52             11.803                   
53             11.3809                  
54             10.9784                  
55             10.5944                  
56             10.2279                  
57             9.87771                  
58             9.54303                  
59             9.22297                  
60             8.91673                  
61             8.62355                  
62             8.34273                  
63             8.07362                  
64             7.8156                   
65             7.5681                   
66             7.33058                  
67             7.10254                  
68             6.8835                   
69             6.67302                  
70             6.47067                  
71             6.27608                  
72             6.08886                  
73             5.90867                  
74             5.73517                  
75             5.56807                  
76             5.40706                  
77             5.25187                  
78             5.10224                  
79             4.95792                  
80             4.81867                  
81             4.68429                  
82             4.55455                  
83             4.42926                  
84             4.30823                  
85             4.19129                  
86             4.07825                  
87             3.96897                  
88             3.86328                  
89             3.76105                  
90             3.66213                  
91             3.56639                  
92             3.47371                  
93             3.38511                  
94             3.29944                  
95             3.21639                  
96             3.13587                  
97             3.05779                  
98             2.98204                  
99             2.90856                  
100            2.83725                  
101            2.76804                  
102            2.70085                  
103            2.63562                  
104            2.57228                  
105            2.51075                  
106            2.45098                  
107            2.3929                   
108            2.33647                  
109            2.28162                  
110            2.22829                  
111            2.17645                  
112            2.12603                  
113            2.077                    
114            2.0293                   
115            1.9829                   
116            1.93775                  
117            1.89381                  
118            1.85104                  
119            1.80941                  
120            1.76888                  
121            1.72942                  
122            1.69098                  
123            1.65355                  
124            1.61709                  
125            1.58156                  
126            1.54695                  
127            1.51322                  
128            1.48035                  
129            1.44831                  
130            1.41707                  
131            1.38662                  
132            1.35693                  
133            1.32797                  
134            1.29973                  
135            1.27219                  
136            1.24531                  
137            1.2191                   
138            1.19352                  
139            1.16856                  
140            1.14421                  
141            1.12043                  
142            1.09723                  
143            1.07457                  
144            1.05246                  
145            1.03086                  
146            1.00978                  
147            0.989184                 
148            0.969072                 
149            0.949427                 
150            0.930237                 
151            0.91149                  
152            0.893173                 
153            0.875276                 
154            0.857788                 
155            0.840696                 
156            0.823992                 
157            0.807665                 
158            0.791705                 
159            0.776103                 
160            0.760849                 
161            0.745935                 
162            0.731351                 
163            0.71709                  
164            0.703143                 
165            0.689503                 
166            0.676161                 
167            0.66311                  
168            0.650343                 
169            0.637852                 
170            0.625632                 
171            0.613675                 
172            0.601974                 
173            0.590524                 
174            0.579319                 
175            0.568351                 
176            0.557617                 
177            0.547109                 
178            0.536824                 
179            0.526754                 
180            0.516895                 
181            0.507243                 
182            0.497792                 
183            0.488537                 
184            0.479474                 
185            0.470599                 
186            0.461906                 
187            0.453392                 
188            0.445053                 
189            0.436884                 
190            0.428882                 
191            0.421042                 
192            0.413376                 
193            0.405892                 
194            0.398557                 
195            0.391369                 
196            0.384324                 
197            0.37742                  
198            0.370652                 
199            0.364018                 
200            0.357515                 
201            0.35114                  
202            0.344891                 
203            0.338764                 
204            0.332756                 
205            0.326866                 
206            0.321091                 
207            0.315427                 
208            0.309874                 
209            0.304427                 
210            0.299086                 
211            0.293848                 
212            0.28871                  
213            0.28367                  
214            0.278727                 
215            0.273878                 
216            0.269122                 
217            0.264455                 
218            0.259878                 
219            0.255386                 
220            0.25098                  
221            0.246657                 
222            0.242414                 
223            0.238252                 
224            0.234167                 
225            0.230159                 
226            0.226225                 
227            0.222365                 
228            0.218576                 
229            0.214858                 
230            0.211208                 
231            0.207626                 
232            0.204109                 
233            0.200658                 
234            0.197269                 
235            0.193943                 
236            0.190678                 
237            0.187472                 
238            0.184325                 
239            0.181235                 
240            0.178201                 
241            0.175222                 
242            0.172297                 
243            0.169425                 
244            0.166604                 
245            0.163835                 
246            0.161115                 
247            0.158443                 
248            0.15582                  
249            0.153244                 
250            0.150713                 
251            0.148228                 
252            0.145786                 
253            0.143388                 
254            0.141033                 
255            0.138719                 
256            0.136446                 
257            0.134213                 
258            0.13202                  
259            0.129865                 
260            0.127748                 
261            0.125668                 
262            0.123624                 
263            0.121616                 
264            0.119643                 
265            0.117705                 
266            0.1158                   
267            0.113928                 
268            0.112089                 
269            0.110281                 
270            0.108505                 
271            0.106759                 
272            0.105044                 
273            0.103358                 
274            0.101701                 
275            0.100072                 
276            0.0984714                
277            0.0968981                
278            0.0953516                
279            0.0938315                
280            0.0923373                
281            0.0908685                
282            0.0894246                
283            0.0880052                
284            0.0866099                
285            0.0852382                
286            0.0838896                
287            0.0825638                
288            0.0812603                
289            0.0799788                
290            0.0787188                
291            0.0774799                
292            0.0762618                
293            0.0750641                
294            0.0738864                
295            0.0727283                
296            0.0715896                
297            0.0704698                
298            0.0693686                
299            0.0682857                
300            0.0672208                
301            0.0661735                
302            0.0651436                
303            0.0641306                
304            0.0631344                
305            0.0621546                
306            0.0611909                
307            0.0602431                
308            0.0593109                
309            0.0583939                
310            0.057492                 
311            0.0566048                
312            0.0557321                
313            0.0548737                
314            0.0540293                
315            0.0531986                
316            0.0523814                
317            0.0515775                
318            0.0507867                
319            0.0500087                
320            0.0492433                
321            0.0484903                
322            0.0477494                
323            0.0470205                
324            0.0463034                
325            0.0455978                
326            0.0449036                
327            0.0442205                
328            0.0435484                
329            0.042887                 
330            0.0422363                
331            0.041596                 
332            0.0409659                
333            0.0403458                
334            0.0397357                
335            0.0391353                
336            0.0385444                
337            0.037963                 
338            0.0373908                
339            0.0368276                
340            0.0362734                
341            0.035728                 
342            0.0351912                
343            0.0346629                
344            0.0341429                
345            0.0336311                
346            0.0331274                
347            0.0326316                
348            0.0321436                
349            0.0316633                
350            0.0311906                
351            0.0307252                
352            0.0302672                
353            0.0298163                
354            0.0293724                
355            0.0289355                
356            0.0285054                
357            0.028082                 
358            0.0276653                
359            0.027255                 
360            0.0268511                
361            0.0264534                
362            0.026062                 
363            0.0256766                
364            0.0252971                
365            0.0249236                
366            0.0245558                
367            0.0241937                
368            0.0238372                
369            0.0234863                
370            0.0231407                
371            0.0228004                
372            0.0224654                
373            0.0221355                
374            0.0218107                
375            0.0214909                
376            0.021176                 
377            0.0208659                
378            0.0205605                
379            0.0202598                
380            0.0199638                
381            0.0196722                
382            0.0193851                
383            0.0191023                
384            0.0188239                
385            0.0185497                
386            0.0182797                
387            0.0180138                
388            0.0177519                
389            0.017494                 
390            0.01724                  
391            0.0169898                
392            0.0167435                
393            0.0165008                
394            0.0162619                
395            0.0160265                
396            0.0157947                
397            0.0155664                
398            0.0153415                
399            0.01512                  
400            0.0149018                
401            0.014687                 
402            0.0144753                
403            0.0142668                
404            0.0140615                
405            0.0138592                
406            0.01366                  
407            0.0134637                
408            0.0132704                
409            0.0130799                
410            0.0128923                
411            0.0127075                
412            0.0125255                
413            0.0123461                
414            0.0121695                
415            0.0119954                
416            0.011824                 
417            0.0116551                
418            0.0114887                
419            0.0113248                
420            0.0111633                
421            0.0110042                
422            0.0108474                
423            0.010693                 
424            0.0105408                
425            0.0103909                
426            0.0102433                
427            0.0100978                
428            0.0099544                
429            0.00981315               
430            0.00967398               
431            0.00953686               
432            0.00940175               
433            0.00926863               
434            0.00913746               
435            0.00900822               
436            0.00888088               
437            0.0087554                
438            0.00863176               
439            0.00850993               
440            0.00838988               
441            0.00827158               
442            0.00815502               
443            0.00804015               
444            0.00792696               
445            0.00781543               
446            0.00770551               
447            0.0075972                
448            0.00749046               
449            0.00738528               
450            0.00728163               
451            0.00717948               
452            0.00707881               
453            0.00697961               
454            0.00688184               
455            0.00678549               
456            0.00669054               
457            0.00659696               
458            0.00650473               
459            0.00641384               
460            0.00632426               
461            0.00623597               
462            0.00614896               
463            0.0060632                
464            0.00597868               
465            0.00589538               
466            0.00581327               
467            0.00573235               
468            0.00565259               
469            0.00557398               
470            0.0054965                
471            0.00542013               
472            0.00534485               
473            0.00527066               
474            0.00519752               
475            0.00512544               
476            0.00505439               
477            0.00498435               
478            0.00491532               
479            0.00484727               
480            0.00478019               
481            0.00471408               
482            0.0046489                
483            0.00458466               
484            0.00452133               
485            0.0044589                
486            0.00439737               
487            0.0043367                
488            0.0042769                
489            0.00421796               
490            0.00415984               
491            0.00410256               
492            0.00404608               
493            0.00399041               
494            0.00393553               
495            0.00388143               
496            0.00382809               
497            0.0037755                
498            0.00372367               
499            0.00367256               
500            0.00362218               
501            0.0035725                
502            0.00352353               
503            0.00347525               
504            0.00342766               
505            0.00338073               
506            0.00333446               
507            0.00328885               
508            0.00324388               
509            0.00319954               
510            0.00315582               
511            0.00311272               
512            0.00307023               
513            0.00302833               
514            0.00298702               
515            0.00294629               
516            0.00290613               
517            0.00286653               
518            0.00282749               
519            0.002789                 
520            0.00275104               
521            0.00271362               
522            0.00267672               
523            0.00264033               
524            0.00260445               
525            0.00256908               
526            0.0025342                
527            0.0024998                
528            0.00246588               
529            0.00243244               
530            0.00239946               
531            0.00236695               
532            0.00233488               
533            0.00230326               
534            0.00227208               
535            0.00224134               
536            0.00221102               
537            0.00218112               
538            0.00215164               
539            0.00212257               
540            0.0020939                
541            0.00206562               
542            0.00203774               
543            0.00201025               
544            0.00198313               
545            0.0019564                
546            0.00193003               
547            0.00190402               
548            0.00187838               
549            0.00185309               
550            0.00182815               
551            0.00180355               
552            0.00177929               
553            0.00175537               
554            0.00173178               
555            0.00170851               
556            0.00168556               
557            0.00166293               
558            0.00164061               
559            0.0016186                
560            0.00159689               
561            0.00157548               
562            0.00155436               
563            0.00153354               
564            0.001513                 
565            0.00149274               
566            0.00147276               
567            0.00145305               
568            0.00143361               
569            0.00141444               
570            0.00139554               
571            0.00137689               
572            0.00135849               
573            0.00134035               
574            0.00132246               
575            0.00130481               
576            0.0012874                
577            0.00127023               
578            0.00125329               
579            0.00123659               
580            0.00122011               
581            0.00120386               
582            0.00118783               
583            0.00117202               
584            0.00115642               
585            0.00114104               
586            0.00112586               
587            0.0011109                
588            0.00109613               
589            0.00108157               
590            0.0010672                
591            0.00105303               
592            0.00103905               
593            0.00102527               
594            0.00101166               
595            0.000998247              
596            0.000985013              
597            0.000971958              
598            0.000959079              
599            0.000946376              
600            0.000933844              
601            0.000921482              
602            0.000909287              
603            0.000897258              
604            0.00088539               
605            0.000873684              
606            0.000862135              
607            0.000850743              
608            0.000839504              
609            0.000828418              
610            0.00081748               
611            0.000806691              
612            0.000796047              
613            0.000785546              
614            0.000775187              
615            0.000764967              
616            0.000754885              
617            0.000744939              
618            0.000735127              
619            0.000725446              
620            0.000715896              
621            0.000706474              
622            0.000697179              
623            0.000688009              
624            0.000678962              
625            0.000670036              
626            0.00066123               
627            0.000652546              
628            0.000643981              
629            0.000635531              
630            0.000627195              
631            0.00061897               
632            0.000610855              
633            0.000602848              
634            0.000594949              
635            0.000587155              
636            0.000579466              
637            0.000571879              
638            0.000564394              
639            0.000557008              
640            0.000549721              
641            0.000542532              
642            0.000535438              
643            0.000528439              
644            0.000521533              
645            0.000514719              
646            0.000507996              
647            0.000501363              
648            0.000494817              
649            0.000488359              
650            0.000481987              
651            0.0004757                
652            0.000469496              
653            0.000463375              
654            0.000457335              
655            0.000451375              
656            0.000445495              
657            0.000439693              
658            0.000433967              
659            0.000428318              
660            0.000422743              
661            0.000417243              
662            0.000411815              
663            0.00040646               
664            0.000401175              
665            0.00039596               
666            0.000390815              
667            0.000385737              
668            0.000380727              
669            0.000375783              
670            0.000370904              
671            0.00036609               
672            0.00036134               
673            0.000356652              
674            0.000352027              
675            0.000347462              
676            0.000342958              
677            0.000338513              
678            0.000334126              
679            0.000329798              
680            0.000325527              
681            0.000321312              
682            0.000317153              
683            0.000313048              
684            0.000308997              
685            0.000305                 
686            0.000301056              
687            0.000297163              
688            0.000293322              
689            0.000289531              
690            0.00028579               
691            0.000282098              
692            0.000278455              
693            0.00027486               
694            0.000271312              
695            0.00026781               
696            0.000264355              
697            0.000260944              
698            0.000257579              
699            0.000254258              
700            0.00025098               
701            0.000247745              
702            0.000244553              
703            0.000241403              
704            0.000238294              
705            0.000235225              
706            0.000232197              
707            0.000229208              
708            0.000226259              
709            0.000223348              
710            0.000220475              
711            0.00021764               
712            0.000214842              
713            0.00021208               
714            0.000209355              
715            0.000206665              
716            0.00020401               
717            0.00020139               
718            0.000198804              
719            0.000196252              
720            0.000193733              
721            0.000191247              
722            0.000188794              
723            0.000186372              
724            0.000183982              
725            0.000181623              
726            0.000179295              
727            0.000176998              
728            0.00017473               
729            0.000172491              
730            0.000170282              
731            0.000168102              
732            0.00016595               
733            0.000163826              
734            0.000161729              
735            0.00015966               
736            0.000157618              
737            0.000155602              
738            0.000153613              
739            0.000151649              
740            0.000149711              
741            0.000147798              
742            0.000145909              
743            0.000144046              
744            0.000142206              
745            0.00014039               
746            0.000138598              
747            0.000136829              
748            0.000135083              
749            0.00013336               
750            0.000131659              
751            0.00012998               
752            0.000128323              
753            0.000126687              
754            0.000125072              
755            0.000123478              
756            0.000121905              
757            0.000120352              
758            0.00011882               
759            0.000117307              
760            0.000115813              
761            0.000114339              
762            0.000112884              
763            0.000111448              
764            0.00011003               
765            0.000108631              
766            0.00010725               
767            0.000105886              
768            0.00010454               
769            0.000103212              
770            0.0001019                
771            0.000100606              
772            9.93282e-05              
773            9.80668e-05              
774            9.68217e-05              
775            9.55927e-05              
776            9.43795e-05              
777            9.31819e-05              
778            9.19997e-05              
779            9.08327e-05              
780            8.96807e-05              
781            8.85436e-05              
782            8.74211e-05              
783            8.6313e-05               
784            8.52192e-05              
785            8.41394e-05              
786            8.30735e-05              
787            8.20213e-05              
788            8.09826e-05              
789            7.99572e-05              
790            7.8945e-05               
791            7.79458e-05              
792            7.69595e-05              
793            7.59858e-05              
794            7.50245e-05              
795            7.40756e-05              
796            7.31389e-05              
797            7.22142e-05              
798            7.13013e-05              
799            7.04002e-05              
800            6.95105e-05              
801            6.86323e-05              
802            6.77653e-05              
803            6.69095e-05              
804            6.60645e-05              
805            6.52304e-05              
806            6.4407e-05               
807            6.35941e-05              
808            6.27916e-05              
809            6.19994e-05              
810            6.12173e-05              
811            6.04452e-05              
812            5.96829e-05              
813            5.89304e-05              
814            5.81875e-05              
815            5.74542e-05              
816            5.67301e-05              
817            5.60153e-05              
818            5.53097e-05              
819            5.4613e-05               
820            5.39253e-05              
821            5.32463e-05              
822            5.2576e-05               
823            5.19142e-05              
824            5.12609e-05              
825            5.06158e-05              
826            4.99791e-05              
827            4.93504e-05              
828            4.87297e-05              
829            4.8117e-05               
830            4.7512e-05               
831            4.69148e-05              
832            4.63251e-05              
833            4.5743e-05               
834            4.51682e-05              
835            4.46008e-05              
836            4.40406e-05              
837            4.34876e-05              
838            4.29415e-05              
839            4.24024e-05              
840            4.18702e-05              
841            4.13447e-05              
842            4.08259e-05              
843            4.03137e-05              
844            3.9808e-05               
845            3.93087e-05              
846            3.88158e-05              
847            3.83291e-05              
848            3.78486e-05              
849            3.73742e-05              
850            3.69058e-05              
851            3.64433e-05              
852            3.59867e-05              
853            3.55359e-05              
854            3.50909e-05              
855            3.46514e-05              
856            3.42176e-05              
857            3.37892e-05              
858            3.33663e-05              
859            3.29487e-05              
860            3.25364e-05              
861            3.21293e-05              
862            3.17274e-05              
863            3.13306e-05              
864            3.09388e-05              
865            3.05519e-05              
866            3.017e-05                
867            2.97928e-05              
868            2.94205e-05              
869            2.90528e-05              
870            2.86899e-05              
871            2.83314e-05              
872            2.79776e-05              
873            2.76282e-05              
874            2.72832e-05              
875            2.69425e-05              
876            2.66062e-05              
877            2.62741e-05              
878            2.59462e-05              
879            2.56225e-05              
880            2.53028e-05              
881            2.49872e-05              
882            2.46755e-05              
883            2.43678e-05              
884            2.4064e-05               
885            2.3764e-05               
886            2.34678e-05              
887            2.31753e-05              
888            2.28865e-05              
889            2.26013e-05              
890            2.23197e-05              
891            2.20417e-05              
892            2.17672e-05              
893            2.14961e-05              
894            2.12285e-05              
895            2.09642e-05              
896            2.07033e-05              
897            2.04456e-05              
898            2.01912e-05              
899            1.99399e-05              
900            1.96919e-05              
901            1.94469e-05              
902            1.92051e-05              
903            1.89662e-05              
904            1.87304e-05              
905            1.84976e-05              
906            1.82676e-05              
907            1.80406e-05              
908            1.78164e-05              
909            1.7595e-05               
910            1.73764e-05              
911            1.71606e-05              
912            1.69475e-05              
913            1.6737e-05               
914            1.65292e-05              
915            1.6324e-05               
916            1.61213e-05              
917            1.59212e-05              
918            1.57236e-05              
919            1.55285e-05              
920            1.53359e-05              
921            1.51456e-05              
922            1.49578e-05              
923            1.47723e-05              
924            1.45891e-05              
925            1.44082e-05              
926            1.42296e-05              
927            1.40532e-05              
928            1.3879e-05               
929            1.3707e-05               
930            1.35372e-05              
931            1.33695e-05              
932            1.32038e-05              
933            1.30403e-05              
934            1.28788e-05              
935            1.27193e-05              
936            1.25619e-05              
937            1.24063e-05              
938            1.22528e-05              
939            1.21011e-05              
940            1.19514e-05              
941            1.18035e-05              
942            1.16575e-05              
943            1.15133e-05              
944            1.13709e-05              
945            1.12302e-05              
946            1.10914e-05              
947            1.09542e-05              
948            1.08188e-05              
949            1.06851e-05              
950            1.0553e-05               
951            1.04226e-05              
952            1.02938e-05              
953            1.01666e-05              
954            1.00411e-05              
955            9.91703e-06              
956            9.79455e-06              
957            9.6736e-06               
958            9.55416e-06              
959            9.4362e-06               
960            9.31972e-06              
961            9.20469e-06              
962            9.09109e-06              
963            8.97891e-06              
964            8.86812e-06              
965            8.75872e-06              
966            8.65067e-06              
967            8.54398e-06              
968            8.43861e-06              
969            8.33455e-06              
970            8.23179e-06              
971            8.1303e-06               
972            8.03008e-06              
973            7.93111e-06              
974            7.83337e-06              
975            7.73684e-06              
976            7.64152e-06              
977            7.54738e-06              
978            7.45441e-06              
979            7.36259e-06              
980            7.27192e-06              
981            7.18238e-06              
982            7.09394e-06              
983            7.00661e-06              
984            6.92036e-06              
985            6.83519e-06              
986            6.75107e-06              
987            6.66799e-06              
988            6.58595e-06              
989            6.50492e-06              
990            6.4249e-06               
991            6.34588e-06              
992            6.26783e-06              
993            6.19076e-06              
994            6.11464e-06              
995            6.03946e-06              
996            5.96522e-06              
997            5.8919e-06               
998            5.81948e-06              
999            5.74797e-06              
1000           5.67734e-06              
1001           5.60759e-06              
1002           5.5387e-06               
1003           5.47066e-06              
1004           5.40347e-06              
1005           5.33711e-06              
1006           5.27157e-06              
1007           5.20685e-06              
1008           5.14293e-06              
1009           5.07979e-06              
1010           5.01744e-06              
1011           4.95586e-06              
1012           4.89505e-06              
1013           4.83498e-06              
1014           4.77566e-06              
1015           4.71708e-06              
1016           4.65922e-06              
1017           4.60207e-06              
1018           4.54563e-06              
1019           4.48989e-06              
1020           4.43484e-06              
1021           4.38047e-06              
1022           4.32677e-06              
1023           4.27374e-06              
1024           4.22136e-06              
1025           4.16962e-06              
1026           4.11853e-06              
1027           4.06807e-06              
1028           4.01823e-06              
1029           3.96901e-06              
1030           3.9204e-06               
1031           3.87238e-06              
1032           3.82496e-06              
1033           3.77812e-06              
1034           3.73187e-06              
1035           3.68618e-06              
1036           3.64106e-06              
1037           3.59649e-06              
1038           3.55248e-06              
1039           3.509e-06                
1040           3.46607e-06              
1041           3.42366e-06              
1042           3.38178e-06              
1043           3.34041e-06              
1044           3.29955e-06              
1045           3.2592e-06               
1046           3.21934e-06              
1047           3.17998e-06              
1048           3.1411e-06               
1049           3.1027e-06               
1050           3.06477e-06              
1051           3.02731e-06              
1052           2.99031e-06              
1053           2.95377e-06              
1054           2.91768e-06              
1055           2.88203e-06              
1056           2.84682e-06              
1057           2.81204e-06              
1058           2.7777e-06               
1059           2.74377e-06              
1060           2.71026e-06              
1061           2.67717e-06              
1062           2.64448e-06              
1063           2.6122e-06               
1064           2.58031e-06              
1065           2.54881e-06              
1066           2.5177e-06               
1067           2.48698e-06              
1068           2.45663e-06              
1069           2.42665e-06              
1070           2.39705e-06              
1071           2.3678e-06               
1072           2.33892e-06              
1073           2.31039e-06              
1074           2.28221e-06              
1075           2.25438e-06              
1076           2.22689e-06              
1077           2.19974e-06              
1078           2.17292e-06              
1079           2.14643e-06              
1080           2.12027e-06              
1081           2.09443e-06              
1082           2.0689e-06               
1083           2.04369e-06              
1084           2.01879e-06              
1085           1.99419e-06              
1086           1.9699e-06               
1087           1.9459e-06               
1088           1.9222e-06               
1089           1.89879e-06              
1090           1.87566e-06              
1091           1.85282e-06              
1092           1.83026e-06              
1093           1.80798e-06              
1094           1.78597e-06              
1095           1.76423e-06              
1096           1.74275e-06              
1097           1.72154e-06              
1098           1.70059e-06              
1099           1.6799e-06               
1100           1.65946e-06              
1101           1.63927e-06              
1102           1.61933e-06              
1103           1.59963e-06              
1104           1.58017e-06              
1105           1.56095e-06              
1106           1.54197e-06              
1107           1.52322e-06              
1108           1.5047e-06               
1109           1.4864e-06               
1110           1.46833e-06              
1111           1.45048e-06              
1112           1.43285e-06              
1113           1.41544e-06              
1114           1.39823e-06              
1115           1.38124e-06              
1116           1.36446e-06              
1117           1.34788e-06              
1118           1.33151e-06              
1119           1.31533e-06              
1120           1.29935e-06              
1121           1.28357e-06              
1122           1.26798e-06              
1123           1.25258e-06              
1124           1.23737e-06              
1125           1.22235e-06              
1126           1.20751e-06              
1127           1.19285e-06              
1128           1.17837e-06              
1129           1.16407e-06              
1130           1.14994e-06              
1131           1.13598e-06              
1132           1.1222e-06               
1133           1.10858e-06              
1134           1.09513e-06              
1135           1.08184e-06              
1136           1.06872e-06              
1137           1.05576e-06              
1138           1.04295e-06              
1139           1.0303e-06               
1140           1.01781e-06              
1141           1.00546e-06              
1142           9.93273e-07              
