#Details of numerical method Gauss Seidel for a linear sistem Ax = b through Gauss-Seidel algorithm. A is 9x9 matrix. x and b are 9vectors.
# 1-iterations 2-residual (LinfNorm)    
0              99995                    
1              49995                    
2              24996.3                  
3              12498.1                  
4              9373.13                  
5              7029.84                  
6              5467.66                  
7              4686.33                  
8              4027.31                  
9              3490.34                  
10             3052.52                  
11             2764.83                  
12             2502.64                  
13             2264.3                   
14             2048.3                   
15             1852.78                  
16             1675.88                  
17             1515.85                  
18             1371.11                  
19             1240.18                  
20             1121.75                  
21             1014.63                  
22             917.746                  
23             830.109                  
24             750.841                  
25             679.142                  
26             614.289                  
27             555.63                   
28             502.572                  
29             454.581                  
30             411.172                  
31             371.909                  
32             336.395                  
33             304.272                  
34             275.216                  
35             248.936                  
36             225.164                  
37             203.663                  
38             184.215                  
39             166.624                  
40             150.713                  
41             136.321                  
42             123.304                  
43             111.529                  
44             100.879                  
45             91.2459                  
46             82.5327                  
47             74.6515                  
48             67.5229                  
49             61.0751                  
50             55.2429                  
51             49.9677                  
52             45.1962                  
53             40.8803                  
54             36.9766                  
55             33.4457                  
56             30.2519                  
57             27.3631                  
58             24.7501                  
59             22.3867                  
60             20.249                   
61             18.3154                  
62             16.5664                  
63             14.9845                  
64             13.5536                  
65             12.2593                  
66             11.0887                  
67             10.0298                  
68             9.07203                  
69             8.20573                  
70             7.42215                  
71             6.7134                   
72             6.07232                  
73             5.49247                  
74             4.96798                  
75             4.49358                  
76             4.06448                  
77             3.67636                  
78             3.3253                   
79             3.00776                  
80             2.72055                  
81             2.46076                  
82             2.22578                  
83             2.01323                  
84             1.82099                  
85             1.6471                   
86             1.48981                  
87             1.34755                  
88             1.21887                  
89             1.10248                  
90             0.997201                 
91             0.901977                 
92             0.815845                 
93             0.737939                 
94             0.667472                 
95             0.603734                 
96             0.546083                 
97             0.493937                 
98             0.44677                  
99             0.404107                 
100            0.365518                 
101            0.330614                 
102            0.299044                 
103            0.270487                 
104            0.244658                 
105            0.221295                 
106            0.200164                 
107            0.18105                  
108            0.163761                 
109            0.148123                 
110            0.133979                 
111            0.121185                 
112            0.109613                 
113            0.0991456                
114            0.0896781                
115            0.0811146                
116            0.0733688                
117            0.0663627                
118            0.0600256                
119            0.0542937                
120            0.0491091                
121            0.0444196                
122            0.0401779                
123            0.0363413                
124            0.032871                 
125            0.0297321                
126            0.0268929                
127            0.0243249                
128            0.0220021                
129            0.019901                 
130            0.0180007                
131            0.0162818                
132            0.014727                 
133            0.0133207                
134            0.0120487                
135            0.0108981                
136            0.00985745               
137            0.00891615               
138            0.00806473               
139            0.00729462               
140            0.00659804               
141            0.00596799               
142            0.00539809               
143            0.00488262               
144            0.00441637               
145            0.00399465               
146            0.00361319               
147            0.00326816               
148            0.00295608               
149            0.0026738                
150            0.00241848               
151            0.00218753               
152            0.00197864               
153            0.0017897                
154            0.0016188                
155            0.00146422               
156            0.00132439               
157            0.00119793               
158            0.00108353               
159            0.000980066              
160            0.000886478              
161            0.000801827              
162            0.000725259              
163            0.000656003              
164            0.000593361              
165            0.0005367                
166            0.000485449              
167            0.000439093              
168            0.000397164              
169            0.000359238              
170            0.000324934              
171            0.000293905              
172            0.00026584               
173            0.000240454              
174            0.000217493              
175            0.000196724              
176            0.000177939              
177            0.000160947              
178            0.000145578              
179            0.000131677              
180            0.000119103              
181            0.000107729              
182            9.74421e-05              
183            8.81372e-05              
184            7.97208e-05              
185            7.21082e-05              
186            6.52224e-05              
187            5.89942e-05              
188            5.33608e-05              
189            4.82653e-05              
190            4.36564e-05              
191            3.94876e-05              
192            3.57168e-05              
193            3.23062e-05              
194            2.92212e-05              
195            2.64308e-05              
196            2.39069e-05              
197            2.1624e-05               
198            1.95591e-05              
199            1.76914e-05              
200            1.6002e-05               
201            1.4474e-05               
202            1.30918e-05              
203            1.18416e-05              
204            1.07109e-05              
205            9.68808e-06              
206            8.76295e-06              
207            7.92616e-06              
208            7.16927e-06              
209            6.48467e-06              
210            5.86545e-06              
211            5.30534e-06              
212            4.79873e-06              
213            4.34048e-06              
214            3.926e-06                
215            3.55111e-06              
216            3.21201e-06              
217            2.9053e-06               
218            2.62785e-06              
219            2.37692e-06              
220            2.14994e-06              
221            1.94465e-06              
222            1.75894e-06              
223            1.59098e-06              
224            1.43905e-06              
225            1.30164e-06              
226            1.17734e-06              
227            1.06492e-06              
228            9.63228e-07              
