#Details of numerical method Gauss Seidel for a linear sistem Ax = b through Gauss-Seidel algorithm. A is 19x19 matrix.
# 1-iterations 2-residual (LinfNorm)    
0              1999                     
1              999                      
2              499.25                   
3              249.625                  
4              187.125                  
5              140.344                  
6              109.156                  
7              93.5158                  
8              80.3651                  
9              69.6497                  
10             60.9435                  
11             55.3755                  
12             50.4312                  
13             46.067                   
14             42.2281                  
15             38.8498                  
16             36.4035                  
17             34.1648                  
18             32.1085                  
19             30.2236                  
20             28.4965                  
21             26.9134                  
22             25.6772                  
23             24.5259                  
24             23.4438                  
25             22.4278                  
26             21.4742                  
27             20.5792                  
28             19.7387                  
29             19.0467                  
30             18.3958                  
31             17.7745                  
32             17.1816                  
33             16.6158                  
34             16.0757                  
35             15.5601                  
36             15.0676                  
37             14.6306                  
38             14.2273                  
39             13.8372                  
40             13.4598                  
41             13.0947                  
42             12.7415                  
43             12.3996                  
44             12.0686                  
45             11.7482                  
46             11.4377                  
47             11.1369                  
48             10.8509                  
49             10.5862                  
50             10.3279                  
51             10.0757                  
52             9.82958                  
53             9.58939                  
54             9.355                    
55             9.12629                  
56             8.90313                  
57             8.68539                  
58             8.47296                  
59             8.2657                   
60             8.06349                  
61             7.86622                  
62             7.67376                  
63             7.486                    
64             7.30283                  
65             7.12414                  
66             6.94982                  
67             6.77976                  
68             6.61385                  
69             6.45201                  
70             6.29412                  
71             6.1401                   
72             5.98984                  
73             5.84326                  
74             5.70027                  
75             5.56077                  
76             5.42469                  
77             5.29194                  
78             5.16244                  
79             5.0361                   
80             4.91286                  
81             4.79263                  
82             4.67535                  
83             4.56093                  
84             4.44932                  
85             4.34044                  
86             4.23422                  
87             4.1306                   
88             4.02951                  
89             3.9309                   
90             3.83471                  
91             3.74086                  
92             3.64932                  
93             3.56001                  
94             3.47289                  
95             3.3879                   
96             3.30499                  
97             3.22411                  
98             3.14521                  
99             3.06824                  
100            2.99316                  
101            2.91991                  
102            2.84845                  
103            2.77875                  
104            2.71074                  
105            2.64441                  
106            2.57969                  
107            2.51656                  
108            2.45498                  
109            2.3949                   
110            2.33629                  
111            2.27912                  
112            2.22334                  
113            2.16893                  
114            2.11586                  
115            2.06408                  
116            2.01356                  
117            1.96429                  
118            1.91622                  
119            1.86933                  
120            1.82358                  
121            1.77895                  
122            1.73542                  
123            1.69295                  
124            1.65152                  
125            1.6111                   
126            1.57168                  
127            1.53321                  
128            1.49569                  
129            1.45909                  
130            1.42338                  
131            1.38855                  
132            1.35457                  
133            1.32142                  
134            1.28908                  
135            1.25754                  
136            1.22676                  
137            1.19674                  
138            1.16745                  
139            1.13888                  
140            1.11101                  
141            1.08383                  
142            1.0573                   
143            1.03143                  
144            1.00619                  
145            0.981563                 
146            0.957542                 
147            0.934109                 
148            0.91125                  
149            0.88895                  
150            0.867195                 
151            0.845973                 
152            0.825271                 
153            0.805075                 
154            0.785373                 
155            0.766153                 
156            0.747404                 
157            0.729114                 
158            0.711271                 
159            0.693864                 
160            0.676884                 
161            0.66032                  
162            0.64416                  
163            0.628396                 
164            0.613018                 
165            0.598016                 
166            0.583382                 
167            0.569105                 
168            0.555178                 
169            0.541592                 
170            0.528338                 
171            0.515409                 
172            0.502795                 
173            0.490491                 
174            0.478488                 
175            0.466778                 
176            0.455355                 
177            0.444212                 
178            0.433341                 
179            0.422736                 
180            0.412391                 
181            0.402299                 
182            0.392454                 
183            0.38285                  
184            0.373481                 
185            0.364341                 
186            0.355425                 
187            0.346727                 
188            0.338242                 
189            0.329964                 
190            0.321889                 
191            0.314012                 
192            0.306328                 
193            0.298831                 
194            0.291518                 
195            0.284384                 
196            0.277425                 
197            0.270636                 
198            0.264013                 
199            0.257552                 
200            0.251249                 
201            0.2451                   
202            0.239102                 
203            0.233251                 
204            0.227543                 
205            0.221974                 
206            0.216542                 
207            0.211243                 
208            0.206074                 
209            0.20103                  
210            0.196111                 
211            0.191312                 
212            0.18663                  
213            0.182063                 
214            0.177607                 
215            0.173261                 
216            0.169021                 
217            0.164885                 
218            0.160849                 
219            0.156913                 
220            0.153073                 
221            0.149327                 
222            0.145673                 
223            0.142108                 
224            0.13863                  
225            0.135238                 
226            0.131928                 
227            0.1287                   
228            0.12555                  
229            0.122478                 
230            0.11948                  
231            0.116556                 
232            0.113704                 
233            0.110922                 
234            0.108207                 
235            0.105559                 
236            0.102976                 
237            0.100456                 
238            0.0979974                
239            0.0955992                
240            0.0932597                
241            0.0909775                
242            0.0887511                
243            0.0865791                
244            0.0844604                
245            0.0823935                
246            0.0803771                
247            0.0784101                
248            0.0764913                
249            0.0746194                
250            0.0727933                
251            0.0710119                
252            0.0692741                
253            0.0675788                
254            0.0659251                
255            0.0643117                
256            0.0627379                
257            0.0612026                
258            0.0597048                
259            0.0582437                
260            0.0568184                
261            0.0554279                
262            0.0540715                
263            0.0527483                
264            0.0514574                
265            0.0501981                
266            0.0489697                
267            0.0477713                
268            0.0466023                
269            0.0454618                
270            0.0443493                
271            0.0432639                
272            0.0422052                
273            0.0411723                
274            0.0401648                
275            0.0391819                
276            0.038223                 
277            0.0372876                
278            0.0363751                
279            0.0354849                
280            0.0346166                
281            0.0337694                
282            0.032943                 
283            0.0321368                
284            0.0313504                
285            0.0305832                
286            0.0298347                
287            0.0291046                
288            0.0283924                
289            0.0276976                
290            0.0270197                
291            0.0263585                
292            0.0257135                
293            0.0250842                
294            0.0244704                
295            0.0238715                
296            0.0232873                
297            0.0227174                
298            0.0221615                
299            0.0216192                
300            0.0210901                
301            0.020574                 
302            0.0200705                
303            0.0195793                
304            0.0191002                
305            0.0186328                
306            0.0181768                
307            0.017732                 
308            0.017298                 
309            0.0168747                
310            0.0164618                
311            0.0160589                
312            0.0156659                
313            0.0152825                
314            0.0149085                
315            0.0145437                
316            0.0141878                
317            0.0138406                
318            0.0135019                
319            0.0131715                
320            0.0128491                
321            0.0125347                
322            0.0122279                
323            0.0119287                
324            0.0116368                
325            0.011352                 
326            0.0110742                
327            0.0108032                
328            0.0105388                
329            0.0102809                
330            0.0100293                
331            0.00978387               
332            0.00954444               
333            0.00931087               
334            0.00908302               
335            0.00886074               
336            0.0086439                
337            0.00843236               
338            0.00822601               
339            0.0080247                
340            0.00782832               
341            0.00763675               
342            0.00744986               
343            0.00726755               
344            0.0070897                
345            0.0069162                
346            0.00674694               
347            0.00658183               
348            0.00642076               
349            0.00626363               
350            0.00611035               
351            0.00596082               
352            0.00581494               
353            0.00567264               
354            0.00553382               
355            0.0053984                
356            0.00526629               
357            0.00513741               
358            0.00501169               
359            0.00488904               
360            0.0047694                
361            0.00465268               
362            0.00453882               
363            0.00442775               
364            0.00431939               
365            0.00421369               
366            0.00411057               
367            0.00400998               
368            0.00391184               
369            0.00381611               
370            0.00372273               
371            0.00363162               
372            0.00354275               
373            0.00345605               
374            0.00337148               
375            0.00328897               
376            0.00320848               
377            0.00312996               
378            0.00305337               
379            0.00297864               
380            0.00290575               
381            0.00283464               
382            0.00276527               
383            0.0026976                
384            0.00263158               
385            0.00256718               
386            0.00250436               
387            0.00244307               
388            0.00238329               
389            0.00232496               
390            0.00226807               
391            0.00221256               
392            0.00215842               
393            0.0021056                
394            0.00205407               
395            0.0020038                
396            0.00195476               
397            0.00190693               
398            0.00186026               
399            0.00181474               
400            0.00177033               
401            0.001727                 
402            0.00168474               
403            0.00164351               
404            0.00160329               
405            0.00156406               
406            0.00152578               
407            0.00148844               
408            0.00145202               
409            0.00141648               
410            0.00138182               
411            0.001348                 
412            0.00131501               
413            0.00128283               
414            0.00125144               
415            0.00122081               
416            0.00119094               
417            0.00116179               
418            0.00113336               
419            0.00110563               
420            0.00107857               
421            0.00105218               
422            0.00102643               
423            0.00100131               
424            0.000976804              
425            0.000952899              
426            0.00092958               
427            0.000906831              
428            0.000884639              
429            0.00086299               
430            0.000841871              
431            0.000821269              
432            0.000801171              
433            0.000781565              
434            0.000762438              
435            0.00074378               
436            0.000725578              
437            0.000707822              
438            0.0006905                
439            0.000673602              
440            0.000657118              
441            0.000641037              
442            0.000625349              
443            0.000610046              
444            0.000595117              
445            0.000580553              
446            0.000566346              
447            0.000552486              
448            0.000538966              
449            0.000525776              
450            0.000512909              
451            0.000500357              
452            0.000488113              
453            0.000476168              
454            0.000464515              
455            0.000453147              
456            0.000442058              
457            0.00043124               
458            0.000420686              
459            0.000410391              
460            0.000400348              
461            0.000390551              
462            0.000380993              
463            0.00037167               
464            0.000362574              
465            0.000353701              
466            0.000345046              
467            0.000336602              
468            0.000328364              
469            0.000320329              
470            0.00031249               
471            0.000304842              
472            0.000297382              
473            0.000290105              
474            0.000283005              
475            0.00027608               
476            0.000269323              
477            0.000262732              
478            0.000256303              
479            0.000250031              
480            0.000243912              
481            0.000237943              
482            0.00023212               
483            0.00022644               
484            0.000220898              
485            0.000215492              
486            0.000210219              
487            0.000205074              
488            0.000200056              
489            0.00019516               
490            0.000190384              
491            0.000185725              
492            0.00018118               
493            0.000176746              
494            0.000172421              
495            0.000168201              
496            0.000164085              
497            0.00016007               
498            0.000156152              
499            0.000152331              
500            0.000148603              
501            0.000144966              
502            0.000141419              
503            0.000137958              
504            0.000134582              
505            0.000131288              
506            0.000128076              
507            0.000124941              
508            0.000121884              
509            0.000118901              
510            0.000115991              
511            0.000113153              
512            0.000110384              
513            0.000107682              
514            0.000105047              
515            0.000102476              
516            9.99686e-05              
517            9.75222e-05              
518            9.51357e-05              
519            9.28075e-05              
520            9.05363e-05              
521            8.83207e-05              
522            8.61593e-05              
523            8.40508e-05              
524            8.19939e-05              
525            7.99874e-05              
526            7.80299e-05              
527            7.61204e-05              
528            7.42576e-05              
529            7.24403e-05              
530            7.06676e-05              
531            6.89382e-05              
532            6.72512e-05              
533            6.56054e-05              
534            6.39999e-05              
535            6.24337e-05              
536            6.09058e-05              
537            5.94153e-05              
538            5.79613e-05              
539            5.65429e-05              
540            5.51592e-05              
541            5.38093e-05              
542            5.24925e-05              
543            5.12079e-05              
544            4.99547e-05              
545            4.87322e-05              
546            4.75397e-05              
547            4.63763e-05              
548            4.52414e-05              
549            4.41342e-05              
550            4.30542e-05              
551            4.20005e-05              
552            4.09727e-05              
553            3.997e-05                
554            3.89919e-05              
555            3.80377e-05              
556            3.71068e-05              
557            3.61987e-05              
558            3.53129e-05              
559            3.44487e-05              
560            3.36057e-05              
561            3.27833e-05              
562            3.1981e-05               
563            3.11984e-05              
564            3.04349e-05              
565            2.96901e-05              
566            2.89635e-05              
567            2.82547e-05              
568            2.75633e-05              
569            2.68887e-05              
570            2.62307e-05              
571            2.55888e-05              
572            2.49626e-05              
573            2.43517e-05              
574            2.37558e-05              
575            2.31744e-05              
576            2.26073e-05              
577            2.2054e-05               
578            2.15143e-05              
579            2.09878e-05              
580            2.04742e-05              
581            1.99732e-05              
582            1.94844e-05              
583            1.90076e-05              
584            1.85424e-05              
585            1.80887e-05              
586            1.7646e-05               
587            1.72142e-05              
588            1.67929e-05              
589            1.63819e-05              
590            1.5981e-05               
591            1.559e-05                
592            1.52084e-05              
593            1.48363e-05              
594            1.44732e-05              
595            1.4119e-05               
596            1.37735e-05              
597            1.34364e-05              
598            1.31076e-05              
599            1.27868e-05              
600            1.24739e-05              
601            1.21686e-05              
602            1.18709e-05              
603            1.15803e-05              
604            1.1297e-05               
605            1.10205e-05              
606            1.07508e-05              
607            1.04877e-05              
608            1.02311e-05              
609            9.98068e-06              
610            9.73643e-06              
611            9.49816e-06              
612            9.26572e-06              
613            9.03897e-06              
614            8.81777e-06              
615            8.60198e-06              
616            8.39148e-06              
617            8.18612e-06              
618            7.98579e-06              
619            7.79036e-06              
620            7.59972e-06              
621            7.41374e-06              
622            7.23231e-06              
623            7.05532e-06              
624            6.88266e-06              
625            6.71423e-06              
626            6.54992e-06              
627            6.38963e-06              
628            6.23326e-06              
629            6.08072e-06              
630            5.93191e-06              
631            5.78675e-06              
632            5.64513e-06              
633            5.50699e-06              
634            5.37222e-06              
635            5.24075e-06              
636            5.1125e-06               
637            4.98739e-06              
638            4.86534e-06              
639            4.74627e-06              
640            4.63012e-06              
641            4.51681e-06              
642            4.40628e-06              
643            4.29845e-06              
644            4.19325e-06              
645            4.09064e-06              
646            3.99053e-06              
647            3.89288e-06              
648            3.79761e-06              
649            3.70467e-06              
650            3.61401e-06              
651            3.52557e-06              
652            3.43929e-06              
653            3.35513e-06              
654            3.27302e-06              
655            3.19292e-06              
656            3.11479e-06              
657            3.03856e-06              
658            2.9642e-06               
659            2.89166e-06              
660            2.8209e-06               
661            2.75186e-06              
662            2.68452e-06              
663            2.61882e-06              
664            2.55474e-06              
665            2.49222e-06              
666            2.43123e-06              
667            2.37173e-06              
668            2.31369e-06              
669            2.25707e-06              
670            2.20183e-06              
671            2.14795e-06              
672            2.09539e-06              
673            2.04411e-06              
674            1.99408e-06              
675            1.94529e-06              
676            1.89768e-06              
677            1.85124e-06              
678            1.80594e-06              
679            1.76174e-06              
680            1.71863e-06              
681            1.67657e-06              
682            1.63554e-06              
683            1.59552e-06              
684            1.55647e-06              
685            1.51838e-06              
686            1.48122e-06              
687            1.44497e-06              
688            1.40961e-06              
689            1.37512e-06              
690            1.34147e-06              
691            1.30864e-06              
692            1.27661e-06              
693            1.24537e-06              
694            1.21489e-06              
695            1.18516e-06              
696            1.15616e-06              
697            1.12787e-06              
698            1.10027e-06              
699            1.07334e-06              
700            1.04707e-06              
701            1.02145e-06              
702            9.96453e-07              
