#Details of numerical method Gauss Seidel for a linear sistem Ax = b through Gauss-Seidel algorithm. A is 50x50 matrix. x and b are 50vectors.
# 1-iterations 2-residual (LinfNorm)    
0              2014.5                   
1              780.125                  
2              302.107                  
3              143.373                  
4              85.052                   
5              59.2863                  
6              43.767                   
7              33.3816                  
8              26.1396                  
9              20.9051                  
10             17.0076                  
11             14.0332                  
12             11.7164                  
13             9.8803                   
14             8.4036                   
15             7.23186                  
16             6.27426                  
17             5.4702                   
18             4.79029                  
19             4.21171                  
20             3.71648                  
21             3.29037                  
22             2.92196                  
23             2.60204                  
24             2.32309                  
25             2.07898                  
26             1.8646                   
27             1.67575                  
28             1.50888                  
29             1.36105                  
30             1.22974                  
31             1.11282                  
32             1.0085                   
33             0.915211                 
34             0.83163                  
35             0.756608                 
36             0.68915                  
37             0.628395                 
38             0.573592                 
39             0.524086                 
40             0.479303                 
41             0.438738                 
42             0.401949                 
43             0.368545                 
44             0.338179                 
45             0.310545                 
46             0.285372                 
47             0.262419                 
48             0.241469                 
49             0.222331                 
50             0.204834                 
51             0.188822                 
52             0.174159                 
53             0.160721                 
54             0.148396                 
55             0.137085                 
56             0.126696                 
57             0.11715                  
58             0.108371                 
59             0.100293                 
60             0.0928561                
61             0.0860055                
62             0.0796915                
63             0.0738691                
64             0.0684973                
65             0.0635388                
66             0.0589596                
67             0.0547287                
68             0.050818                 
69             0.0472017                
70             0.0438562                
71             0.04076                  
72             0.0378934                
73             0.0352383                
74             0.0327783                
75             0.0304982                
76             0.0283841                
77             0.0264233                
78             0.024604                 
79             0.0229155                
80             0.0213534                
81             0.0199022                
82             0.0185537                
83             0.0173002                
84             0.0161347                
85             0.0150509                
86             0.0140426                
87             0.0131044                
88             0.0122312                
89             0.0114183                
90             0.0106613                
91             0.0099563                
92             0.00929953               
93             0.00868756               
94             0.00811721               
95             0.00758554               
96             0.00708982               
97             0.00662753               
98             0.00619633               
99             0.00579406               
100            0.0054187                
101            0.00506839               
102            0.0047414                
103            0.00443612               
104            0.00415106               
105            0.00388483               
106            0.00363616               
107            0.00340384               
108            0.00318677               
109            0.00298391               
110            0.00279431               
111            0.00261706               
112            0.00245135               
113            0.0022964                
114            0.00215148               
115            0.00201594               
116            0.00188914               
117            0.0017705                
118            0.0016595                
119            0.00155561               
120            0.00145838               
121            0.00136736               
122            0.00128216               
123            0.00120237               
124            0.00112767               
125            0.0010577                
126            0.000992165              
127            0.000930777              
128            0.000873266              
129            0.000819382              
130            0.000768889              
131            0.000721571              
132            0.000677222              
133            0.000635652              
134            0.000596682              
135            0.000560148              
136            0.000525892              
137            0.00049377               
138            0.000463646              
139            0.000435394              
140            0.000408894              
141            0.000384035              
142            0.000360714              
143            0.000338834              
144            0.000318304              
145            0.000299039              
146            0.000280959              
147            0.000263991              
148            0.000248064              
149            0.000233113              
150            0.000219078              
151            0.000205902              
152            0.00019353               
153            0.000181913              
154            0.000171005              
155            0.00016076               
156            0.000151138              
157            0.000142101              
158            0.000133612              
159            0.000125637              
160            0.000118145              
161            0.000111107              
162            0.000104493              
163            9.82792e-05              
164            9.24396e-05              
165            8.69517e-05              
166            8.1794e-05               
167            7.69463e-05              
168            7.23898e-05              
169            6.81066e-05              
170            6.40801e-05              
171            6.02947e-05              
172            5.67358e-05              
173            5.33896e-05              
174            5.02432e-05              
175            4.72845e-05              
176            4.45022e-05              
177            4.18856e-05              
178            3.94246e-05              
179            3.711e-05                
180            3.49329e-05              
181            3.2885e-05               
182            3.09585e-05              
183            2.91461e-05              
184            2.74411e-05              
185            2.58369e-05              
186            2.43276e-05              
187            2.29074e-05              
188            2.1571e-05               
189            2.03134e-05              
190            1.91299e-05              
191            1.80161e-05              
192            1.69678e-05              
193            1.59811e-05              
194            1.50524e-05              
195            1.41783e-05              
196            1.33554e-05              
197            1.25807e-05              
198            1.18514e-05              
199            1.11649e-05              
200            1.05184e-05              
201            9.90981e-06              
202            9.33673e-06              
203            8.79711e-06              
204            8.28897e-06              
205            7.81045e-06              
206            7.35981e-06              
207            6.93541e-06              
208            6.53571e-06              
209            6.15925e-06              
210            5.80466e-06              
211            5.47067e-06              
212            5.15606e-06              
213            4.85971e-06              
214            4.58053e-06              
215            4.31753e-06              
216            4.06976e-06              
217            3.83632e-06              
218            3.61639e-06              
219            3.40916e-06              
220            3.21391e-06              
221            3.02993e-06              
222            2.85657e-06              
223            2.69321e-06              
224            2.53926e-06              
225            2.39418e-06              
226            2.25745e-06              
227            2.12859e-06              
228            2.00715e-06              
229            1.89268e-06              
230            1.78479e-06              
231            1.6831e-06               
232            1.58724e-06              
233            1.49688e-06              
234            1.41171e-06              
235            1.33141e-06              
236            1.25571e-06              
237            1.18435e-06              
238            1.11707e-06              
239            1.05364e-06              
240            9.9384e-07               
