#Solution of linear sistem Ax = b through Gauss-Seidel algorithm.
# 1-solution             
0.00497265               
0.00994532               
0.014918                 
0.0198907                
0.0248635                
0.0298363                
0.0348091                
0.0397819                
0.0447547                
0.0497276                
0.0547005                
0.0596734                
0.0646464                
0.0696193                
0.0745923                
0.0795654                
0.0845384                
0.0895115                
0.0944846                
0.0994577                
0.104431                 
0.109404                 
0.114377                 
0.11935                  
0.124324                 
0.129297                 
0.13427                  
0.139244                 
0.144217                 
0.14919                  
0.154164                 
0.159137                 
0.16411                  
0.169084                 
0.174057                 
0.179031                 
0.184005                 
0.188978                 
0.193952                 
0.198925                 
0.203899                 
0.208873                 
0.213846                 
0.21882                  
0.223794                 
0.228767                 
0.233741                 
0.238715                 
0.243689                 
0.248663                 
0.253637                 
0.258611                 
0.263585                 
0.268558                 
0.273532                 
0.278506                 
0.283481                 
0.288455                 
0.293429                 
0.298403                 
0.303377                 
0.308351                 
0.313325                 
0.318299                 
0.323274                 
0.328248                 
0.333222                 
0.338197                 
0.343171                 
0.348145                 
0.35312                  
0.358094                 
0.363068                 
0.368043                 
0.373017                 
0.377992                 
0.382966                 
0.387941                 
0.392916                 
0.39789                  
0.402865                 
0.407839                 
0.412814                 
0.417789                 
0.422764                 
0.427738                 
0.432713                 
0.437688                 
0.442663                 
0.447638                 
0.452612                 
0.457587                 
0.462562                 
0.467537                 
0.472512                 
0.477487                 
0.482462                 
0.487437                 
0.492412                 
0.497387                 
0.502363                 
0.507338                 
0.512313                 
0.517288                 
0.522263                 
0.527239                 
0.532214                 
0.537189                 
0.542164                 
0.54714                  
0.552115                 
0.557091                 
0.562066                 
0.567041                 
0.572017                 
0.576992                 
0.581968                 
0.586943                 
0.591919                 
0.596895                 
0.60187                  
0.606846                 
0.611822                 
0.616797                 
0.621773                 
0.626749                 
0.631724                 
0.6367                   
0.641676                 
0.646652                 
0.651628                 
0.656604                 
0.66158                  
0.666556                 
0.671532                 
0.676508                 
0.681484                 
0.68646                  
0.691436                 
0.696412                 
0.701388                 
0.706364                 
0.71134                  
0.716316                 
0.721293                 
0.726269                 
0.731245                 
0.736221                 
0.741198                 
0.746174                 
0.75115                  
0.756127                 
0.761103                 
0.76608                  
0.771056                 
0.776033                 
0.781009                 
0.785986                 
0.790962                 
0.795939                 
0.800915                 
0.805892                 
0.810869                 
0.815845                 
0.820822                 
0.825799                 
0.830775                 
0.835752                 
0.840729                 
0.845706                 
0.850683                 
0.85566                  
0.860637                 
0.865613                 
0.87059                  
0.875567                 
0.880544                 
0.885521                 
0.890499                 
0.895476                 
0.900453                 
0.90543                  
0.910407                 
0.915384                 
0.920361                 
0.925339                 
0.930316                 
0.935293                 
0.94027                  
0.945248                 
0.950225                 
0.955202                 
0.96018                  
0.965157                 
0.970135                 
0.975112                 
0.98009                  
0.985067                 
0.990045                 
0.995022                 
