#Details of numerical method Gauss Seidel for a linear sistem Ax = b through Gauss-Seidel algorithm. A is 19x19 matrix.
# 1-iterations 2-residual (LinfNorm)    
0              399990                   
1              199990                   
2              99992.5                  
3              49996.3                  
4              37496.3                  
5              28122.2                  
6              21872.8                  
7              18747.7                  
8              16111.3                  
9              13963.1                  
10             12217.7                  
11             11106.7                  
12             10115.1                  
13             9239.72                  
14             8469.74                  
15             7792.16                  
16             7304.97                  
17             6855.73                  
18             6443.12                  
19             6064.88                  
20             5718.32                  
21             5400.63                  
22             5155.02                  
23             4923.88                  
24             4706.64                  
25             4502.66                  
26             4311.22                  
27             4131.53                  
28             3962.8                   
29             3825.69                  
30             3694.96                  
31             3570.16                  
32             3451.06                  
33             3337.42                  
34             3228.95                  
35             3125.38                  
36             3026.46                  
37             2940.08                  
38             2859.03                  
39             2780.63                  
40             2704.8                   
41             2631.43                  
42             2560.45                  
43             2491.75                  
44             2425.24                  
45             2360.84                  
46             2298.46                  
47             2238.02                  
48             2181.57                  
49             2128.36                  
50             2076.42                  
51             2025.72                  
52             1976.24                  
53             1927.95                  
54             1880.82                  
55             1834.84                  
56             1789.98                  
57             1746.2                   
58             1703.49                  
59             1661.82                  
60             1621.17                  
61             1581.51                  
62             1542.81                  
63             1505.07                  
64             1468.24                  
65             1432.31                  
66             1397.27                  
67             1363.08                  
68             1329.72                  
69             1297.18                  
70             1265.44                  
71             1234.47                  
72             1204.26                  
73             1174.79                  
74             1146.05                  
75             1118                     
76             1090.64                  
77             1063.95                  
78             1037.92                  
79             1012.52                  
80             987.738                  
81             963.567                  
82             939.987                  
83             916.984                  
84             894.543                  
85             872.652                  
86             851.297                  
87             830.464                  
88             810.142                  
89             790.316                  
90             770.976                  
91             752.108                  
92             733.703                  
93             715.748                  
94             698.232                  
95             681.146                  
96             664.477                  
97             648.216                  
98             632.353                  
99             616.878                  
100            601.782                  
101            587.055                  
102            572.689                  
103            558.674                  
104            545.003                  
105            531.665                  
106            518.655                  
107            505.962                  
108            493.581                  
109            481.502                  
110            469.719                  
111            458.224                  
112            447.01                   
113            436.071                  
114            425.4                    
115            414.989                  
116            404.834                  
117            394.927                  
118            385.262                  
119            375.834                  
120            366.637                  
121            357.665                  
122            348.912                  
123            340.374                  
124            332.044                  
125            323.918                  
126            315.991                  
127            308.259                  
128            300.715                  
129            293.356                  
130            286.177                  
131            279.174                  
132            272.342                  
133            265.677                  
134            259.176                  
135            252.833                  
136            246.646                  
137            240.61                   
138            234.722                  
139            228.978                  
140            223.374                  
141            217.908                  
142            212.575                  
143            207.373                  
144            202.299                  
145            197.348                  
146            192.518                  
147            187.807                  
148            183.211                  
149            178.728                  
150            174.354                  
151            170.087                  
152            165.925                  
153            161.864                  
154            157.903                  
155            154.039                  
156            150.27                   
157            146.592                  
158            143.005                  
159            139.505                  
160            136.091                  
161            132.761                  
162            129.512                  
163            126.343                  
164            123.251                  
165            120.235                  
166            117.292                  
167            114.422                  
168            111.622                  
169            108.89                   
170            106.226                  
171            103.626                  
172            101.09                   
173            98.6163                  
174            96.2029                  
175            93.8487                  
176            91.5521                  
177            89.3116                  
178            87.126                   
179            84.9939                  
180            82.9139                  
181            80.8849                  
182            78.9055                  
183            76.9745                  
184            75.0908                  
185            73.2532                  
186            71.4606                  
187            69.7118                  
188            68.0059                  
189            66.3416                  
190            64.7181                  
191            63.1344                  
192            61.5894                  
193            60.0822                  
194            58.6119                  
195            57.1775                  
196            55.7783                  
197            54.4133                  
198            53.0817                  
199            51.7827                  
200            50.5155                  
201            49.2793                  
202            48.0733                  
203            46.8969                  
204            45.7493                  
205            44.6297                  
206            43.5375                  
207            42.4721                  
208            41.4327                  
209            40.4188                  
210            39.4297                  
211            38.4648                  
212            37.5235                  
213            36.6052                  
214            35.7094                  
215            34.8355                  
216            33.983                   
217            33.1514                  
218            32.3401                  
219            31.5487                  
220            30.7767                  
221            30.0235                  
222            29.2888                  
223            28.572                   
224            27.8728                  
225            27.1907                  
226            26.5253                  
227            25.8762                  
228            25.243                   
229            24.6252                  
230            24.0226                  
231            23.4347                  
232            22.8612                  
233            22.3018                  
234            21.756                   
235            21.2236                  
236            20.7042                  
237            20.1976                  
238            19.7033                  
239            19.2211                  
240            18.7508                  
241            18.2919                  
242            17.8443                  
243            17.4076                  
244            16.9816                  
245            16.566                   
246            16.1606                  
247            15.7651                  
248            15.3793                  
249            15.003                   
250            14.6358                  
251            14.2777                  
252            13.9283                  
253            13.5874                  
254            13.2549                  
255            12.9305                  
256            12.6141                  
257            12.3054                  
258            12.0043                  
259            11.7105                  
260            11.4239                  
261            11.1444                  
262            10.8717                  
263            10.6056                  
264            10.3461                  
265            10.0929                  
266            9.84589                  
267            9.60494                  
268            9.36989                  
269            9.1406                   
270            8.91691                  
271            8.6987                   
272            8.48582                  
273            8.27816                  
274            8.07558                  
275            7.87796                  
276            7.68517                  
277            7.4971                   
278            7.31363                  
279            7.13466                  
280            6.96006                  
281            6.78973                  
282            6.62358                  
283            6.46149                  
284            6.30336                  
285            6.14911                  
286            5.99863                  
287            5.85183                  
288            5.70863                  
289            5.56893                  
290            5.43265                  
291            5.2997                   
292            5.17001                  
293            5.04349                  
294            4.92006                  
295            4.79966                  
296            4.68221                  
297            4.56762                  
298            4.45585                  
299            4.3468                   
300            4.24043                  
301            4.13666                  
302            4.03543                  
303            3.93667                  
304            3.84034                  
305            3.74636                  
306            3.65468                  
307            3.56524                  
308            3.47799                  
309            3.39288                  
310            3.30985                  
311            3.22885                  
312            3.14984                  
313            3.07276                  
314            2.99756                  
315            2.9242                   
316            2.85264                  
317            2.78284                  
318            2.71473                  
319            2.6483                   
320            2.58349                  
321            2.52027                  
322            2.45859                  
323            2.39843                  
324            2.33973                  
325            2.28248                  
326            2.22662                  
327            2.17213                  
328            2.11898                  
329            2.06712                  
330            2.01653                  
331            1.96719                  
332            1.91905                  
333            1.87208                  
334            1.82627                  
335            1.78158                  
336            1.73798                  
337            1.69545                  
338            1.65396                  
339            1.61348                  
340            1.574                    
341            1.53548                  
342            1.4979                   
343            1.46125                  
344            1.42549                  
345            1.3906                   
346            1.35657                  
347            1.32338                  
348            1.29099                  
349            1.2594                   
350            1.22858                  
351            1.19851                  
352            1.16918                  
353            1.14057                  
354            1.11266                  
355            1.08543                  
356            1.05887                  
357            1.03296                  
358            1.00768                  
359            0.983018                 
360            0.958962                 
361            0.935494                 
362            0.912601                 
363            0.890268                 
364            0.868482                 
365            0.847228                 
366            0.826495                 
367            0.806269                 
368            0.786539                 
369            0.767291                 
370            0.748514                 
371            0.730196                 
372            0.712327                 
373            0.694895                 
374            0.67789                  
375            0.661301                 
376            0.645118                 
377            0.62933                  
378            0.61393                  
379            0.598906                 
380            0.584249                 
381            0.569952                 
382            0.556004                 
383            0.542398                 
384            0.529124                 
385            0.516176                 
386            0.503544                 
387            0.491221                 
388            0.4792                   
389            0.467473                 
390            0.456034                 
391            0.444874                 
392            0.433987                 
393            0.423366                 
394            0.413006                 
395            0.402899                 
396            0.393039                 
397            0.383421                 
398            0.374038                 
399            0.364885                 
400            0.355955                 
401            0.347244                 
402            0.338747                 
403            0.330457                 
404            0.32237                  
405            0.314481                 
406            0.306785                 
407            0.299278                 
408            0.291954                 
409            0.284809                 
410            0.277839                 
411            0.27104                  
412            0.264407                 
413            0.257937                 
414            0.251625                 
415            0.245467                 
416            0.23946                  
417            0.2336                   
418            0.227883                 
419            0.222307                 
420            0.216866                 
421            0.211559                 
422            0.206382                 
423            0.201332                 
424            0.196405                 
425            0.191598                 
426            0.18691                  
427            0.182336                 
428            0.177874                 
429            0.173521                 
430            0.169274                 
431            0.165132                 
432            0.161091                 
433            0.157149                 
434            0.153303                 
435            0.149551                 
436            0.145892                 
437            0.142321                 
438            0.138838                 
439            0.135441                 
440            0.132126                 
441            0.128893                 
442            0.125739                 
443            0.122662                 
444            0.11966                  
445            0.116732                 
446            0.113875                 
447            0.111088                 
448            0.10837                  
449            0.105718                 
450            0.103131                 
451            0.100607                 
452            0.0981449                
453            0.0957431                
454            0.0934001                
455            0.0911145                
456            0.0888847                
457            0.0867096                
458            0.0845876                
459            0.0825176                
460            0.0804983                
461            0.0785283                
462            0.0766066                
463            0.0747319                
464            0.0729031                
465            0.071119                 
466            0.0693786                
467            0.0676808                
468            0.0660245                
469            0.0644088                
470            0.0628326                
471            0.061295                 
472            0.059795                 
473            0.0583317                
474            0.0569042                
475            0.0555117                
476            0.0541532                
477            0.052828                 
478            0.0515352                
479            0.050274                 
480            0.0490437                
481            0.0478436                
482            0.0466727                
483            0.0455306                
484            0.0444164                
485            0.0433294                
486            0.0422691                
487            0.0412347                
488            0.0402256                
489            0.0392412                
490            0.0382809                
491            0.0373441                
492            0.0364302                
493            0.0355387                
494            0.034669                 
495            0.0338206                
496            0.032993                 
497            0.0321856                
498            0.0313979                
499            0.0306296                
500            0.02988                  
501            0.0291488                
502            0.0284355                
503            0.0277396                
504            0.0270608                
505            0.0263985                
506            0.0257525                
507            0.0251223                
508            0.0245075                
509            0.0239078                
510            0.0233227                
511            0.022752                 
512            0.0221952                
513            0.021652                 
514            0.0211222                
515            0.0206053                
516            0.020101                 
517            0.0196091                
518            0.0191293                
519            0.0186611                
520            0.0182045                
521            0.017759                 
522            0.0173244                
523            0.0169004                
524            0.0164868                
525            0.0160834                
526            0.0156898                
527            0.0153058                
528            0.0149313                
529            0.0145659                
530            0.0142094                
531            0.0138617                
532            0.0135225                
533            0.0131916                
534            0.0128687                
535            0.0125538                
536            0.0122466                
537            0.0119469                
538            0.0116545                
539            0.0113693                
540            0.0110911                
541            0.0108197                
542            0.0105549                
543            0.0102966                
544            0.0100446                
545            0.00979883               
546            0.00955903               
547            0.00932511               
548            0.00909691               
549            0.00887429               
550            0.00865712               
551            0.00844527               
552            0.00823859               
553            0.00803698               
554            0.0078403                
555            0.00764844               
556            0.00746127               
557            0.00727868               
558            0.00710055               
559            0.00692679               
560            0.00675728               
561            0.00659192               
562            0.0064306                
563            0.00627323               
564            0.00611972               
565            0.00596996               
566            0.00582386               
567            0.00568134               
568            0.00554231               
569            0.00540668               
570            0.00527437               
571            0.0051453                
572            0.00501938               
573            0.00489655               
574            0.00477672               
575            0.00465983               
576            0.00454579               
577            0.00443455               
578            0.00432603               
579            0.00422016               
580            0.00411689               
581            0.00401614               
582            0.00391786               
583            0.00382198               
584            0.00372845               
585            0.00363721               
586            0.0035482                
587            0.00346137               
588            0.00337666               
589            0.00329403               
590            0.00321342               
591            0.00313478               
592            0.00305807               
593            0.00298323               
594            0.00291023               
595            0.00283901               
596            0.00276953               
597            0.00270176               
598            0.00263564               
599            0.00257114               
600            0.00250822               
601            0.00244684               
602            0.00238696               
603            0.00232855               
604            0.00227157               
605            0.00221598               
606            0.00216175               
607            0.00210885               
608            0.00205724               
609            0.0020069                
610            0.00195778               
611            0.00190987               
612            0.00186314               
613            0.00181754               
614            0.00177306               
615            0.00172967               
616            0.00168734               
617            0.00164605               
618            0.00160577               
619            0.00156647               
620            0.00152814               
621            0.00149074               
622            0.00145426               
623            0.00141867               
624            0.00138396               
625            0.00135009               
626            0.00131705               
627            0.00128482               
628            0.00125338               
629            0.00122271               
630            0.00119278               
631            0.00116359               
632            0.00113512               
633            0.00110734               
634            0.00108024               
635            0.00105381               
636            0.00102802               
637            0.00100286               
638            0.000978319              
639            0.000954378              
640            0.000931023              
641            0.000908239              
642            0.000886013              
643            0.00086433               
644            0.000843179              
645            0.000822545              
646            0.000802416              
647            0.000782779              
648            0.000763623              
649            0.000744936              
650            0.000726706              
651            0.000708922              
652            0.000691574              
653            0.00067465               
654            0.00065814               
655            0.000642034              
656            0.000626322              
657            0.000610995              
658            0.000596043              
659            0.000581457              
660            0.000567228              
661            0.000553347              
662            0.000539805              
663            0.000526595              
664            0.000513709              
665            0.000501137              
666            0.000488873              
667            0.00047691               
668            0.000465239              
669            0.000453854              
670            0.000442747              
671            0.000431912              
672            0.000421343              
673            0.000411032              
674            0.000400973              
675            0.000391161              
676            0.000381588              
677            0.00037225               
678            0.000363141              
679            0.000354254              
680            0.000345585              
681            0.000337128              
682            0.000328877              
683            0.000320829              
684            0.000312978              
685            0.000305319              
686            0.000297847              
687            0.000290558              
688            0.000283448              
689            0.000276511              
690            0.000269745              
691            0.000263144              
692            0.000256704              
693            0.000250422              
694            0.000244294              
695            0.000238316              
696            0.000232483              
697            0.000226794              
698            0.000221244              
699            0.00021583               
700            0.000210548              
701            0.000205396              
702            0.000200369              
703            0.000195466              
704            0.000190683              
705            0.000186016              
706            0.000181464              
707            0.000177023              
708            0.000172691              
709            0.000168465              
710            0.000164343              
711            0.000160321              
712            0.000156397              
713            0.00015257               
714            0.000148836              
715            0.000145194              
716            0.000141641              
717            0.000138175              
718            0.000134793              
719            0.000131495              
720            0.000128277              
721            0.000125138              
722            0.000122075              
723            0.000119088              
724            0.000116174              
725            0.000113331              
726            0.000110557              
727            0.000107852              
728            0.000105213              
729            0.000102638              
730            0.000100126              
731            9.76758e-05              
732            9.52855e-05              
733            9.29537e-05              
734            9.0679e-05               
735            8.84599e-05              
736            8.62951e-05              
737            8.41834e-05              
738            8.21232e-05              
739            8.01136e-05              
740            7.8153e-05               
741            7.62405e-05              
742            7.43747e-05              
743            7.25547e-05              
744            7.07791e-05              
745            6.9047e-05               
746            6.73574e-05              
747            6.57089e-05              
748            6.4101e-05               
749            6.25323e-05              
750            6.1002e-05               
751            5.95092e-05              
752            5.80529e-05              
753            5.66322e-05              
754            5.52464e-05              
755            5.38944e-05              
756            5.25755e-05              
757            5.12888e-05              
758            5.00337e-05              
759            4.88093e-05              
760            4.76149e-05              
761            4.64497e-05              
762            4.5313e-05               
763            4.4204e-05               
764            4.31224e-05              
765            4.2067e-05               
766            4.10376e-05              
767            4.00334e-05              
768            3.90536e-05              
769            3.8098e-05               
770            3.71656e-05              
771            3.62561e-05              
772            3.53689e-05              
773            3.45033e-05              
774            3.3659e-05               
775            3.28353e-05              
776            3.20317e-05              
777            3.12479e-05              
778            3.04832e-05              
779            2.97372e-05              
780            2.90095e-05              
781            2.82995e-05              
782            2.7607e-05               
783            2.69314e-05              
784            2.62723e-05              
785            2.56294e-05              
786            2.50023e-05              
787            2.43904e-05              
788            2.37935e-05              
789            2.32112e-05              
790            2.26432e-05              
791            2.20891e-05              
792            2.15485e-05              
793            2.10212e-05              
794            2.05068e-05              
795            2.0005e-05               
796            1.95154e-05              
797            1.90378e-05              
798            1.8572e-05               
799            1.81175e-05              
800            1.76741e-05              
801            1.72415e-05              
802            1.68197e-05              
803            1.6408e-05               
804            1.60065e-05              
805            1.56148e-05              
806            1.52327e-05              
807            1.48599e-05              
808            1.44962e-05              
809            1.41415e-05              
810            1.37954e-05              
811            1.34578e-05              
812            1.31285e-05              
813            1.28072e-05              
814            1.24938e-05              
815            1.21881e-05              
816            1.18898e-05              
817            1.15989e-05              
818            1.1315e-05               
819            1.10381e-05              
820            1.0768e-05               
821            1.05045e-05              
822            1.02474e-05              
823            9.99667e-06              
824            9.75194e-06              
825            9.51334e-06              
826            9.28057e-06              
827            9.05339e-06              
828            8.83188e-06              
829            8.61572e-06              
830            8.40487e-06              
831            8.19919e-06              
832            7.99861e-06              
833            7.80282e-06              
834            7.6119e-06               
835            7.42555e-06              
836            7.24389e-06              
837            7.06667e-06              
838            6.89365e-06              
839            6.72499e-06              
840            6.56041e-06              
841            6.39985e-06              
842            6.24327e-06              
843            6.0905e-06               
844            5.94143e-06              
845            5.796e-06                
846            5.6542e-06               
847            5.51582e-06              
848            5.38083e-06              
849            5.24917e-06              
850            5.1207e-06               
851            4.99538e-06              
852            4.87312e-06              
853            4.75385e-06              
854            4.63755e-06              
855            4.52404e-06              
856            4.41333e-06              
857            4.30539e-06              
858            4.19997e-06              
859            4.09724e-06              
860            3.99697e-06              
861            3.8991e-06               
862            3.80373e-06              
863            3.71062e-06              
864            3.61988e-06              
865            3.53128e-06              
866            3.44485e-06              
867            3.3605e-06               
868            3.27828e-06              
869            3.19807e-06              
870            3.11981e-06              
871            3.04345e-06              
872            2.96897e-06              
873            2.89638e-06              
874            2.82549e-06              
875            2.75634e-06              
876            2.68882e-06              
877            2.62304e-06              
878            2.55884e-06              
879            2.49624e-06              
880            2.43518e-06              
881            2.37557e-06              
882            2.31742e-06              
883            2.2607e-06               
884            2.20537e-06              
885            2.15141e-06              
886            2.09876e-06              
887            2.04743e-06              
888            1.99728e-06              
889            1.94847e-06              
890            1.90074e-06              
891            1.85421e-06              
892            1.80883e-06              
893            1.76459e-06              
894            1.72138e-06              
895            1.67932e-06              
896            1.63817e-06              
897            1.59812e-06              
898            1.559e-06                
899            1.52085e-06              
900            1.48363e-06              
901            1.4473e-06               
902            1.41189e-06              
903            1.37737e-06              
904            1.34364e-06              
905            1.31078e-06              
906            1.27865e-06              
907            1.24742e-06              
908            1.21686e-06              
909            1.18706e-06              
910            1.15804e-06              
911            1.12972e-06              
912            1.10205e-06              
913            1.0751e-06               
914            1.04879e-06              
915            1.02309e-06              
916            9.98029e-07              
