#Details of numerical method Gauss Seidel for a linear sistem Ax = b through Gauss-Seidel algorithm. A is 19x19 matrix. x and b are 19vectors.
# 1-iterations 2-residual (LinfNorm)    
0              190                      
1              45.125                   
2              10.7172                  
3              3.88163                  
4              1.75735                  
5              0.891085                 
6              0.48411                  
7              0.275532                 
8              0.162166                 
9              0.0978906                
10             0.0602731                
11             0.0377066                
12             0.0238995                
13             0.0153147                
14             0.00990496               
15             0.00645741               
16             0.00423907               
17             0.00279973               
18             0.00185905               
19             0.00124034               
20             0.000831083              
21             0.000559015              
22             0.000377327              
23             0.000255501              
24             0.000173511              
25             0.000118146              
26             8.06442e-05              
27             5.51711e-05              
28             3.78234e-05              
29             2.5981e-05               
30             1.78787e-05              
31             1.2324e-05               
32             8.50844e-06              
33             5.88289e-06              
34             4.07315e-06              
35             2.8238e-06               
36             1.96004e-06              
37             1.36204e-06              
38             9.47506e-07              
