#Solution of linear sistem Ax = b through Gauss-Seidel algorithm.
# 1-solution             
0.00156514               
0.00314594               
0.00474254               
0.00635511               
0.0079838                
0.00962878               
0.0112902                
0.0129683                
0.0146631                
0.0163749                
0.0181038                
0.0198499                
0.0216136                
0.0233949                
0.0251939                
0.027011                 
0.0288463                
0.0306999                
0.032572                 
0.0344629                
0.0363727                
0.0383015                
0.0402497                
0.0422173                
0.0442047                
0.0462118                
0.0482391                
0.0502866                
0.0523546                
0.0544433                
0.0565529                
0.0586836                
0.0608356                
0.0630091                
0.0652043                
0.0674215                
0.0696608                
0.0719226                
0.074207                 
0.0765142                
0.0788445                
0.0811981                
0.0835752                
0.0859761                
0.088401                 
0.0908501                
0.0933238                
0.0958222                
0.0983455                
0.100894                 
0.103468                 
0.106068                 
0.108694                 
0.111346                 
0.114025                 
0.11673                  
0.119462                 
0.122222                 
0.12501                  
0.127825                 
0.130668                 
0.13354                  
0.136441                 
0.13937                  
0.142329                 
0.145317                 
0.148336                 
0.151384                 
0.154463                 
0.157573                 
0.160714                 
0.163886                 
0.16709                  
0.170326                 
0.173595                 
0.176896                 
0.18023                  
0.183597                 
0.186998                 
0.190433                 
0.193903                 
0.197407                 
0.200946                 
0.204521                 
0.208131                 
0.211778                 
0.215461                 
0.21918                  
0.222937                 
0.226732                 
0.230564                 
0.234435                 
0.238345                 
0.242293                 
0.246281                 
0.250309                 
0.254378                 
0.258486                 
0.262636                 
0.266828                 
0.271061                 
0.275337                 
0.279656                 
0.284017                 
0.288423                 
0.292872                 
0.297366                 
0.301905                 
0.306489                 
0.311119                 
0.315795                 
0.320518                 
0.325289                 
0.330107                 
0.334973                 
0.339888                 
0.344852                 
0.349866                 
0.354929                 
0.360044                 
0.365209                 
0.370427                 
0.375696                 
0.381018                 
0.386394                 
0.391823                 
0.397306                 
0.402844                 
0.408438                 
0.414087                 
0.419793                 
0.425557                 
0.431377                 
0.437256                 
0.443194                 
0.449191                 
0.455248                 
0.461366                 
0.467544                 
0.473785                 
0.480088                 
0.486454                 
0.492884                 
0.499378                 
0.505937                 
0.512561                 
0.519252                 
0.52601                  
0.532835                 
0.539728                 
0.546691                 
0.553723                 
0.560825                 
0.567999                 
0.575244                 
0.582561                 
0.589952                 
0.597417                 
0.604956                 
0.612571                 
0.620262                 
0.62803                  
0.635875                 
0.643799                 
0.651802                 
0.659885                 
0.668049                 
0.676295                 
0.684623                 
0.693034                 
0.70153                  
0.71011                  
0.718777                 
0.727529                 
0.73637                  
0.745299                 
0.754317                 
0.763425                 
0.772625                 
0.781916                 
0.7913                   
0.800779                 
0.810351                 
0.82002                  
0.829786                 
0.839649                 
0.84961                  
0.859671                 
0.869833                 
0.880097                 
0.890463                 
0.900933                 
0.911507                 
0.922187                 
0.932974                 
0.943869                 
0.954873                 
0.965987                 
0.977212                 
0.988549                 
