#Solution of linear sistem Ax = b through Gauss-Seidel algorithm.
# 1-solution             
0.00199501               
0.00399003               
0.00598505               
0.00798007               
0.0099751                
0.0119701                
0.0139652                
0.0159602                
0.0179553                
0.0199503                
0.0219454                
0.0239404                
0.0259355                
0.0279305                
0.0299256                
0.0319207                
0.0339157                
0.0359108                
0.0379059                
0.039901                 
0.0418961                
0.0438912                
0.0458863                
0.0478814                
0.0498765                
0.0518716                
0.0538667                
0.0558618                
0.057857                 
0.0598521                
0.0618472                
0.0638424                
0.0658375                
0.0678326                
0.0698278                
0.0718229                
0.0738181                
0.0758133                
0.0778084                
0.0798036                
0.0817988                
0.0837939                
0.0857891                
0.0877843                
0.0897795                
0.0917747                
0.0937699                
0.0957651                
0.0977603                
0.0997555                
0.101751                 
0.103746                 
0.105741                 
0.107736                 
0.109732                 
0.111727                 
0.113722                 
0.115717                 
0.117713                 
0.119708                 
0.121703                 
0.123698                 
0.125694                 
0.127689                 
0.129684                 
0.131679                 
0.133675                 
0.13567                  
0.137665                 
0.13966                  
0.141656                 
0.143651                 
0.145646                 
0.147642                 
0.149637                 
0.151632                 
0.153628                 
0.155623                 
0.157618                 
0.159614                 
0.161609                 
0.163604                 
0.1656                   
0.167595                 
0.16959                  
0.171586                 
0.173581                 
0.175576                 
0.177572                 
0.179567                 
0.181562                 
0.183558                 
0.185553                 
0.187549                 
0.189544                 
0.191539                 
0.193535                 
0.19553                  
0.197526                 
0.199521                 
0.201516                 
0.203512                 
0.205507                 
0.207503                 
0.209498                 
0.211493                 
0.213489                 
0.215484                 
0.21748                  
0.219475                 
0.221471                 
0.223466                 
0.225462                 
0.227457                 
0.229453                 
0.231448                 
0.233443                 
0.235439                 
0.237434                 
0.23943                  
0.241425                 
0.243421                 
0.245416                 
0.247412                 
0.249407                 
0.251403                 
0.253398                 
0.255394                 
0.257389                 
0.259385                 
0.261381                 
0.263376                 
0.265372                 
0.267367                 
0.269363                 
0.271358                 
0.273354                 
0.275349                 
0.277345                 
0.27934                  
0.281336                 
0.283332                 
0.285327                 
0.287323                 
0.289318                 
0.291314                 
0.29331                  
0.295305                 
0.297301                 
0.299296                 
0.301292                 
0.303288                 
0.305283                 
0.307279                 
0.309274                 
0.31127                  
0.313266                 
0.315261                 
0.317257                 
0.319253                 
0.321248                 
0.323244                 
0.32524                  
0.327235                 
0.329231                 
0.331227                 
0.333222                 
0.335218                 
0.337214                 
0.339209                 
0.341205                 
0.343201                 
0.345196                 
0.347192                 
0.349188                 
0.351183                 
0.353179                 
0.355175                 
0.357171                 
0.359166                 
0.361162                 
0.363158                 
0.365154                 
0.367149                 
0.369145                 
0.371141                 
0.373137                 
0.375132                 
0.377128                 
0.379124                 
0.38112                  
0.383115                 
0.385111                 
0.387107                 
0.389103                 
0.391098                 
0.393094                 
0.39509                  
0.397086                 
0.399082                 
0.401077                 
0.403073                 
0.405069                 
0.407065                 
0.409061                 
0.411057                 
0.413052                 
0.415048                 
0.417044                 
0.41904                  
0.421036                 
0.423032                 
0.425028                 
0.427023                 
0.429019                 
0.431015                 
0.433011                 
0.435007                 
0.437003                 
0.438999                 
0.440995                 
0.44299                  
0.444986                 
0.446982                 
0.448978                 
0.450974                 
0.45297                  
0.454966                 
0.456962                 
0.458958                 
0.460954                 
0.46295                  
0.464945                 
0.466941                 
0.468937                 
0.470933                 
0.472929                 
0.474925                 
0.476921                 
0.478917                 
0.480913                 
0.482909                 
0.484905                 
0.486901                 
0.488897                 
0.490893                 
0.492889                 
0.494885                 
0.496881                 
0.498877                 
0.500873                 
0.502869                 
0.504865                 
0.506861                 
0.508857                 
0.510853                 
0.512849                 
0.514845                 
0.516841                 
0.518837                 
0.520833                 
0.522829                 
0.524825                 
0.526821                 
0.528818                 
0.530814                 
0.53281                  
0.534806                 
0.536802                 
0.538798                 
0.540794                 
0.54279                  
0.544786                 
0.546782                 
0.548778                 
0.550774                 
0.552771                 
0.554767                 
0.556763                 
0.558759                 
0.560755                 
0.562751                 
0.564747                 
0.566744                 
0.56874                  
0.570736                 
0.572732                 
0.574728                 
0.576724                 
0.57872                  
0.580717                 
0.582713                 
0.584709                 
0.586705                 
0.588701                 
0.590697                 
0.592694                 
0.59469                  
0.596686                 
0.598682                 
0.600678                 
0.602675                 
0.604671                 
0.606667                 
0.608663                 
0.61066                  
0.612656                 
0.614652                 
0.616648                 
0.618645                 
0.620641                 
0.622637                 
0.624633                 
0.62663                  
0.628626                 
0.630622                 
0.632618                 
0.634615                 
0.636611                 
0.638607                 
0.640603                 
0.6426                   
0.644596                 
0.646592                 
0.648589                 
0.650585                 
0.652581                 
0.654578                 
0.656574                 
0.65857                  
0.660567                 
0.662563                 
0.664559                 
0.666556                 
0.668552                 
0.670548                 
0.672545                 
0.674541                 
0.676537                 
0.678534                 
0.68053                  
0.682526                 
0.684523                 
0.686519                 
0.688516                 
0.690512                 
0.692508                 
0.694505                 
0.696501                 
0.698498                 
0.700494                 
0.70249                  
0.704487                 
0.706483                 
0.70848                  
0.710476                 
0.712472                 
0.714469                 
0.716465                 
0.718462                 
0.720458                 
0.722455                 
0.724451                 
0.726448                 
0.728444                 
0.73044                  
0.732437                 
0.734433                 
0.73643                  
0.738426                 
0.740423                 
0.742419                 
0.744416                 
0.746412                 
0.748409                 
0.750405                 
0.752402                 
0.754398                 
0.756395                 
0.758391                 
0.760388                 
0.762384                 
0.764381                 
0.766378                 
0.768374                 
0.770371                 
0.772367                 
0.774364                 
0.77636                  
0.778357                 
0.780353                 
0.78235                  
0.784347                 
0.786343                 
0.78834                  
0.790336                 
0.792333                 
0.79433                  
0.796326                 
0.798323                 
0.800319                 
0.802316                 
0.804313                 
0.806309                 
0.808306                 
0.810302                 
0.812299                 
0.814296                 
0.816292                 
0.818289                 
0.820286                 
0.822282                 
0.824279                 
0.826276                 
0.828272                 
0.830269                 
0.832266                 
0.834262                 
0.836259                 
0.838256                 
0.840252                 
0.842249                 
0.844246                 
0.846242                 
0.848239                 
0.850236                 
0.852232                 
0.854229                 
0.856226                 
0.858223                 
0.860219                 
0.862216                 
0.864213                 
0.86621                  
0.868206                 
0.870203                 
0.8722                   
0.874197                 
0.876193                 
0.87819                  
0.880187                 
0.882184                 
0.88418                  
0.886177                 
0.888174                 
0.890171                 
0.892167                 
0.894164                 
0.896161                 
0.898158                 
0.900155                 
0.902151                 
0.904148                 
0.906145                 
0.908142                 
0.910139                 
0.912136                 
0.914132                 
0.916129                 
0.918126                 
0.920123                 
0.92212                  
0.924117                 
0.926114                 
0.92811                  
0.930107                 
0.932104                 
0.934101                 
0.936098                 
0.938095                 
0.940092                 
0.942088                 
0.944085                 
0.946082                 
0.948079                 
0.950076                 
0.952073                 
0.95407                  
0.956067                 
0.958064                 
0.960061                 
0.962058                 
0.964055                 
0.966051                 
0.968048                 
0.970045                 
0.972042                 
0.974039                 
0.976036                 
0.978033                 
0.98003                  
0.982027                 
0.984024                 
0.986021                 
0.988018                 
0.990015                 
0.992012                 
0.994009                 
0.996006                 
0.998003                 
