#Details of numerical method ADR equation through Gauss-Seidel algorithm for alpha=1, beta=21, gamma=0.
#1-x_j/L                 2-Value                  
0                        0                        
0.00199601               3.23519e-11              
0.00399202               6.6089e-11               
0.00598802               1.0127e-10               
0.00798403               1.37958e-10              
0.00998004               1.76217e-10              
0.011976                 2.16113e-10              
0.0139721                2.57718e-10              
0.0159681                3.01104e-10              
0.0179641                3.46347e-10              
0.0199601                3.93528e-10              
0.0219561                4.42728e-10              
0.0239521                4.94036e-10              
0.0259481                5.47539e-10              
0.0279441                6.03334e-10              
0.0299401                6.61518e-10              
0.0319361                7.22192e-10              
0.0339321                7.85465e-10              
0.0359281                8.51446e-10              
0.0379242                9.20253e-10              
0.0399202                9.92006e-10              
0.0419162                1.06683e-09              
0.0439122                1.14486e-09              
0.0459082                1.22623e-09              
0.0479042                1.31108e-09              
0.0499002                1.39957e-09              
0.0518962                1.49184e-09              
0.0538922                1.58807e-09              
0.0558882                1.68841e-09              
0.0578842                1.79306e-09              
0.0598802                1.90218e-09              
0.0618762                2.01598e-09              
0.0638723                2.13464e-09              
0.0658683                2.25839e-09              
0.0678643                2.38744e-09              
0.0698603                2.52201e-09              
0.0718563                2.66234e-09              
0.0738523                2.80869e-09              
0.0758483                2.96129e-09              
0.0778443                3.12044e-09              
0.0798403                3.28639e-09              
0.0818363                3.45946e-09              
0.0838323                3.63993e-09              
0.0858283                3.82813e-09              
0.0878244                4.02438e-09              
0.0898204                4.22904e-09              
0.0918164                4.44247e-09              
0.0938124                4.66503e-09              
0.0958084                4.89712e-09              
0.0978044                5.13915e-09              
0.0998004                5.39154e-09              
0.101796                 5.65474e-09              
0.103792                 5.9292e-09               
0.105788                 6.21542e-09              
0.107784                 6.51389e-09              
0.10978                  6.82515e-09              
0.111776                 7.14973e-09              
0.113772                 7.4882e-09               
0.115768                 7.84117e-09              
0.117764                 8.20926e-09              
0.11976                  8.5931e-09               
0.121756                 8.99337e-09              
0.123752                 9.41079e-09              
0.125749                 9.84608e-09              
0.127745                 1.03e-08                 
0.129741                 1.07734e-08              
0.131737                 1.1267e-08               
0.133733                 1.17818e-08              
0.135729                 1.23186e-08              
0.137725                 1.28783e-08              
0.139721                 1.34621e-08              
0.141717                 1.40709e-08              
0.143713                 1.47057e-08              
0.145709                 1.53677e-08              
0.147705                 1.6058e-08               
0.149701                 1.67779e-08              
0.151697                 1.75286e-08              
0.153693                 1.83115e-08              
0.155689                 1.91279e-08              
0.157685                 1.99792e-08              
0.159681                 2.0867e-08               
0.161677                 2.17928e-08              
0.163673                 2.27582e-08              
0.165669                 2.3765e-08               
0.167665                 2.48149e-08              
0.169661                 2.59097e-08              
0.171657                 2.70514e-08              
0.173653                 2.8242e-08               
0.175649                 2.94836e-08              
0.177645                 3.07783e-08              
0.179641                 3.21285e-08              
0.181637                 3.35364e-08              
0.183633                 3.50047e-08              
0.185629                 3.65358e-08              
0.187625                 3.81325e-08              
0.189621                 3.97975e-08              
0.191617                 4.15338e-08              
0.193613                 4.33445e-08              
0.195609                 4.52327e-08              
0.197605                 4.72017e-08              
0.199601                 4.92551e-08              
0.201597                 5.13963e-08              
0.203593                 5.36292e-08              
0.205589                 5.59578e-08              
0.207585                 5.8386e-08               
0.209581                 6.09182e-08              
0.211577                 6.35588e-08              
0.213573                 6.63125e-08              
0.215569                 6.91841e-08              
0.217565                 7.21786e-08              
0.219561                 7.53014e-08              
0.221557                 7.85578e-08              
0.223553                 8.19537e-08              
0.225549                 8.54949e-08              
0.227545                 8.91878e-08              
0.229541                 9.30388e-08              
0.231537                 9.70547e-08              
0.233533                 1.01242e-07              
0.235529                 1.0561e-07               
0.237525                 1.10164e-07              
0.239521                 1.14913e-07              
0.241517                 1.19865e-07              
0.243513                 1.2503e-07               
0.245509                 1.30415e-07              
0.247505                 1.36031e-07              
0.249501                 1.41888e-07              
0.251497                 1.47995e-07              
0.253493                 1.54364e-07              
0.255489                 1.61006e-07              
0.257485                 1.67931e-07              
0.259481                 1.75154e-07              
0.261477                 1.82685e-07              
0.263473                 1.9054e-07               
0.265469                 1.9873e-07               
0.267465                 2.07271e-07              
0.269461                 2.16178e-07              
0.271457                 2.25466e-07              
0.273453                 2.35151e-07              
0.275449                 2.45252e-07              
0.277445                 2.55785e-07              
0.279441                 2.66769e-07              
0.281437                 2.78223e-07              
0.283433                 2.90167e-07              
0.285429                 3.02623e-07              
0.287425                 3.15612e-07              
0.289421                 3.29157e-07              
0.291417                 3.43283e-07              
0.293413                 3.58013e-07              
0.295409                 3.73373e-07              
0.297405                 3.89392e-07              
0.299401                 4.06096e-07              
0.301397                 4.23515e-07              
0.303393                 4.4168e-07               
0.305389                 4.60623e-07              
0.307385                 4.80377e-07              
0.309381                 5.00977e-07              
0.311377                 5.22458e-07              
0.313373                 5.44859e-07              
0.315369                 5.6822e-07               
0.317365                 5.9258e-07               
0.319361                 6.17984e-07              
0.321357                 6.44475e-07              
0.323353                 6.72101e-07              
0.325349                 7.00909e-07              
0.327345                 7.3095e-07               
0.329341                 7.62278e-07              
0.331337                 7.94947e-07              
0.333333                 8.29015e-07              
0.335329                 8.64541e-07              
0.337325                 9.01588e-07              
0.339321                 9.40222e-07              
0.341317                 9.80509e-07              
0.343313                 1.02252e-06              
0.345309                 1.06633e-06              
0.347305                 1.11202e-06              
0.349301                 1.15966e-06              
0.351297                 1.20935e-06              
0.353293                 1.26116e-06              
0.355289                 1.31518e-06              
0.357285                 1.37152e-06              
0.359281                 1.43028e-06              
0.361277                 1.49155e-06              
0.363273                 1.55544e-06              
0.365269                 1.62207e-06              
0.367265                 1.69155e-06              
0.369261                 1.764e-06                
0.371257                 1.83956e-06              
0.373253                 1.91835e-06              
0.37525                  2.00052e-06              
0.377246                 2.0862e-06               
0.379242                 2.17555e-06              
0.381238                 2.26873e-06              
0.383234                 2.36589e-06              
0.38523                  2.46722e-06              
0.387226                 2.57288e-06              
0.389222                 2.68307e-06              
0.391218                 2.79798e-06              
0.393214                 2.9178e-06               
0.39521                  3.04276e-06              
0.397206                 3.17307e-06              
0.399202                 3.30895e-06              
0.401198                 3.45065e-06              
0.403194                 3.59842e-06              
0.40519                  3.75252e-06              
0.407186                 3.91321e-06              
0.409182                 4.08078e-06              
0.411178                 4.25553e-06              
0.413174                 4.43776e-06              
0.41517                  4.62779e-06              
0.417166                 4.82596e-06              
0.419162                 5.03261e-06              
0.421158                 5.24811e-06              
0.423154                 5.47283e-06              
0.42515                  5.70718e-06              
0.427146                 5.95156e-06              
0.429142                 6.2064e-06               
0.431138                 6.47216e-06              
0.433134                 6.74929e-06              
0.43513                  7.03828e-06              
0.437126                 7.33965e-06              
0.439122                 7.65392e-06              
0.441118                 7.98165e-06              
0.443114                 8.32341e-06              
0.44511                  8.6798e-06               
0.447106                 9.05145e-06              
0.449102                 9.43901e-06              
0.451098                 9.84316e-06              
0.453094                 1.02646e-05              
0.45509                  1.07041e-05              
0.457086                 1.11624e-05              
0.459082                 1.16404e-05              
0.461078                 1.21388e-05              
0.463074                 1.26585e-05              
0.46507                  1.32005e-05              
0.467066                 1.37657e-05              
0.469062                 1.43551e-05              
0.471058                 1.49697e-05              
0.473054                 1.56107e-05              
0.47505                  1.62791e-05              
0.477046                 1.69761e-05              
0.479042                 1.77029e-05              
0.481038                 1.84609e-05              
0.483034                 1.92513e-05              
0.48503                  2.00755e-05              
0.487026                 2.09351e-05              
0.489022                 2.18314e-05              
0.491018                 2.27661e-05              
0.493014                 2.37409e-05              
0.49501                  2.47573e-05              
0.497006                 2.58173e-05              
0.499002                 2.69227e-05              
0.500998                 2.80754e-05              
0.502994                 2.92774e-05              
0.50499                  3.05309e-05              
0.506986                 3.18381e-05              
0.508982                 3.32013e-05              
0.510978                 3.46228e-05              
0.512974                 3.61051e-05              
0.51497                  3.7651e-05               
0.516966                 3.9263e-05               
0.518962                 4.0944e-05               
0.520958                 4.2697e-05               
0.522954                 4.4525e-05               
0.52495                  4.64313e-05              
0.526946                 4.84193e-05              
0.528942                 5.04923e-05              
0.530938                 5.26541e-05              
0.532934                 5.49085e-05              
0.53493                  5.72593e-05              
0.536926                 5.97108e-05              
0.538922                 6.22673e-05              
0.540918                 6.49332e-05              
0.542914                 6.77133e-05              
0.54491                  7.06124e-05              
0.546906                 7.36356e-05              
0.548902                 7.67882e-05              
0.550898                 8.00758e-05              
0.552894                 8.35042e-05              
0.55489                  8.70794e-05              
0.556886                 9.08076e-05              
0.558882                 9.46954e-05              
0.560878                 9.87497e-05              
0.562874                 0.000102978              
0.56487                  0.000107386              
0.566866                 0.000111984              
0.568862                 0.000116779              
0.570858                 0.000121778              
0.572854                 0.000126992              
0.57485                  0.000132429              
0.576846                 0.000138099              
0.578842                 0.000144011              
0.580838                 0.000150177              
0.582834                 0.000156607              
0.58483                  0.000163312              
0.586826                 0.000170304              
0.588822                 0.000177595              
0.590818                 0.000185199              
0.592814                 0.000193128              
0.59481                  0.000201396              
0.596806                 0.000210019              
0.598802                 0.00021901               
0.600798                 0.000228387              
0.602794                 0.000238165              
0.60479                  0.000248362              
0.606786                 0.000258995              
0.608782                 0.000270084              
0.610778                 0.000281647              
0.612774                 0.000293705              
0.61477                  0.00030628               
0.616766                 0.000319393              
0.618762                 0.000333067              
0.620758                 0.000347327              
0.622754                 0.000362197              
0.62475                  0.000377704              
0.626747                 0.000393875              
0.628743                 0.000410738              
0.630739                 0.000428324              
0.632735                 0.000446662              
0.634731                 0.000465785              
0.636727                 0.000485727              
0.638723                 0.000506522              
0.640719                 0.000528208              
0.642715                 0.000550823              
0.644711                 0.000574406              
0.646707                 0.000598998              
0.648703                 0.000624643              
0.650699                 0.000651387              
0.652695                 0.000679275              
0.654691                 0.000708357              
0.656687                 0.000738684              
0.658683                 0.00077031               
0.660679                 0.00080329               
0.662675                 0.000837681              
0.664671                 0.000873545              
0.666667                 0.000910945              
0.668663                 0.000949946              
0.670659                 0.000990616              
0.672655                 0.00103303               
0.674651                 0.00107726               
0.676647                 0.00112338               
0.678643                 0.00117147               
0.680639                 0.00122163               
0.682635                 0.00127393               
0.684631                 0.00132847               
0.686627                 0.00138535               
0.688623                 0.00144466               
0.690619                 0.00150651               
0.692615                 0.00157101               
0.694611                 0.00163827               
0.696607                 0.00170841               
0.698603                 0.00178155               
0.700599                 0.00185783               
0.702595                 0.00193737               
0.704591                 0.00202031               
0.706587                 0.00210681               
0.708583                 0.00219701               
0.710579                 0.00229107               
0.712575                 0.00238916               
0.714571                 0.00249145               
0.716567                 0.00259812               
0.718563                 0.00270935               
0.720559                 0.00282535               
0.722555                 0.00294631               
0.724551                 0.00307245               
0.726547                 0.00320399               
0.728543                 0.00334117               
0.730539                 0.00348421               
0.732535                 0.00363339               
0.734531                 0.00378894               
0.736527                 0.00395116               
0.738523                 0.00412033               
0.740519                 0.00429673               
0.742515                 0.00448069               
0.744511                 0.00467252               
0.746507                 0.00487257               
0.748503                 0.00508118               
0.750499                 0.00529872               
0.752495                 0.00552558               
0.754491                 0.00576215               
0.756487                 0.00600885               
0.758483                 0.00626611               
0.760479                 0.00653438               
0.762475                 0.00681414               
0.764471                 0.00710588               
0.766467                 0.00741011               
0.768463                 0.00772736               
0.770459                 0.00805819               
0.772455                 0.00840319               
0.774451                 0.00876296               
0.776447                 0.00913814               
0.778443                 0.00952937               
0.780439                 0.00993736               
0.782435                 0.0103628                
0.784431                 0.0108065                
0.786427                 0.0112691                
0.788423                 0.0117516                
0.790419                 0.0122547                
0.792415                 0.0127794                
0.794411                 0.0133265                
0.796407                 0.0138971                
0.798403                 0.0144921                
0.800399                 0.0151125                
0.802395                 0.0157596                
0.804391                 0.0164343                
0.806387                 0.0171379                
0.808383                 0.0178716                
0.810379                 0.0186368                
0.812375                 0.0194347                
0.814371                 0.0202667                
0.816367                 0.0211344                
0.818363                 0.0220393                
0.820359                 0.0229828                
0.822355                 0.0239668                
0.824351                 0.0249929                
0.826347                 0.0260629                
0.828343                 0.0271788                
0.830339                 0.0283424                
0.832335                 0.0295558                
0.834331                 0.0308212                
0.836327                 0.0321408                
0.838323                 0.0335168                
0.840319                 0.0349518                
0.842315                 0.0364482                
0.844311                 0.0380087                
0.846307                 0.039636                 
0.848303                 0.0413329                
0.850299                 0.0431025                
0.852295                 0.0449479                
0.854291                 0.0468723                
0.856287                 0.0488791                
0.858283                 0.0509717                
0.860279                 0.053154                 
0.862275                 0.0554297                
0.864271                 0.0578029                
0.866267                 0.0602776                
0.868263                 0.0628583                
0.870259                 0.0655495                
0.872255                 0.0683559                
0.874251                 0.0712824                
0.876248                 0.0743343                
0.878244                 0.0775168                
0.88024                  0.0808355                
0.882236                 0.0842964                
0.884232                 0.0879054                
0.886228                 0.091669                 
0.888224                 0.0955936                
0.89022                  0.0996863                
0.892216                 0.103954                 
0.894212                 0.108405                 
0.896208                 0.113046                 
0.898204                 0.117886                 
0.9002                   0.122933                 
0.902196                 0.128196                 
0.904192                 0.133685                 
0.906188                 0.139408                 
0.908184                 0.145377                 
0.91018                  0.151601                 
0.912176                 0.158091                 
0.914172                 0.16486                  
0.916168                 0.171918                 
0.918164                 0.179279                 
0.92016                  0.186954                 
0.922156                 0.194958                 
0.924152                 0.203305                 
0.926148                 0.212009                 
0.928144                 0.221086                 
0.93014                  0.230552                 
0.932136                 0.240422                 
0.934132                 0.250716                 
0.936128                 0.26145                  
0.938124                 0.272643                 
0.94012                  0.284316                 
0.942116                 0.296488                 
0.944112                 0.309182                 
0.946108                 0.322419                 
0.948104                 0.336223                 
0.9501                   0.350618                 
0.952096                 0.365629                 
0.954092                 0.381283                 
0.956088                 0.397607                 
0.958084                 0.41463                  
0.96008                  0.432382                 
0.962076                 0.450894                 
0.964072                 0.470198                 
0.966068                 0.490329                 
0.968064                 0.511321                 
0.97006                  0.533213                 
0.972056                 0.556042                 
0.974052                 0.579848                 
0.976048                 0.604673                 
0.978044                 0.630561                 
0.98004                  0.657557                 
0.982036                 0.68571                  
0.984032                 0.715067                 
0.986028                 0.745682                 
0.988024                 0.777607                 
0.99002                  0.810899                 
0.992016                 0.845617                 
0.994012                 0.88182                  
0.996008                 0.919574                 
0.998004                 0.958944                 
1                        1                        
