#Solution of linear sistem Ax = b through Gauss-Seidel algorithm.
# 1-solution             
3.23519e-11              
6.6089e-11               
1.0127e-10               
1.37958e-10              
1.76217e-10              
2.16113e-10              
2.57718e-10              
3.01104e-10              
3.46347e-10              
3.93528e-10              
4.42728e-10              
4.94036e-10              
5.47539e-10              
6.03334e-10              
6.61518e-10              
7.22192e-10              
7.85465e-10              
8.51446e-10              
9.20253e-10              
9.92006e-10              
1.06683e-09              
1.14486e-09              
1.22623e-09              
1.31108e-09              
1.39957e-09              
1.49184e-09              
1.58807e-09              
1.68841e-09              
1.79306e-09              
1.90218e-09              
2.01598e-09              
2.13464e-09              
2.25839e-09              
2.38744e-09              
2.52201e-09              
2.66234e-09              
2.80869e-09              
2.96129e-09              
3.12044e-09              
3.28639e-09              
3.45946e-09              
3.63993e-09              
3.82813e-09              
4.02438e-09              
4.22904e-09              
4.44247e-09              
4.66503e-09              
4.89712e-09              
5.13915e-09              
5.39154e-09              
5.65474e-09              
5.9292e-09               
6.21542e-09              
6.51389e-09              
6.82515e-09              
7.14973e-09              
7.4882e-09               
7.84117e-09              
8.20926e-09              
8.5931e-09               
8.99337e-09              
9.41079e-09              
9.84608e-09              
1.03e-08                 
1.07734e-08              
1.1267e-08               
1.17818e-08              
1.23186e-08              
1.28783e-08              
1.34621e-08              
1.40709e-08              
1.47057e-08              
1.53677e-08              
1.6058e-08               
1.67779e-08              
1.75286e-08              
1.83115e-08              
1.91279e-08              
1.99792e-08              
2.0867e-08               
2.17928e-08              
2.27582e-08              
2.3765e-08               
2.48149e-08              
2.59097e-08              
2.70514e-08              
2.8242e-08               
2.94836e-08              
3.07783e-08              
3.21285e-08              
3.35364e-08              
3.50047e-08              
3.65358e-08              
3.81325e-08              
3.97975e-08              
4.15338e-08              
4.33445e-08              
4.52327e-08              
4.72017e-08              
4.92551e-08              
5.13963e-08              
5.36292e-08              
5.59578e-08              
5.8386e-08               
6.09182e-08              
6.35588e-08              
6.63125e-08              
6.91841e-08              
7.21786e-08              
7.53014e-08              
7.85578e-08              
8.19537e-08              
8.54949e-08              
8.91878e-08              
9.30388e-08              
9.70547e-08              
1.01242e-07              
1.0561e-07               
1.10164e-07              
1.14913e-07              
1.19865e-07              
1.2503e-07               
1.30415e-07              
1.36031e-07              
1.41888e-07              
1.47995e-07              
1.54364e-07              
1.61006e-07              
1.67931e-07              
1.75154e-07              
1.82685e-07              
1.9054e-07               
1.9873e-07               
2.07271e-07              
2.16178e-07              
2.25466e-07              
2.35151e-07              
2.45252e-07              
2.55785e-07              
2.66769e-07              
2.78223e-07              
2.90167e-07              
3.02623e-07              
3.15612e-07              
3.29157e-07              
3.43283e-07              
3.58013e-07              
3.73373e-07              
3.89392e-07              
4.06096e-07              
4.23515e-07              
4.4168e-07               
4.60623e-07              
4.80377e-07              
5.00977e-07              
5.22458e-07              
5.44859e-07              
5.6822e-07               
5.9258e-07               
6.17984e-07              
6.44475e-07              
6.72101e-07              
7.00909e-07              
7.3095e-07               
7.62278e-07              
7.94947e-07              
8.29015e-07              
8.64541e-07              
9.01588e-07              
9.40222e-07              
9.80509e-07              
1.02252e-06              
1.06633e-06              
1.11202e-06              
1.15966e-06              
1.20935e-06              
1.26116e-06              
1.31518e-06              
1.37152e-06              
1.43028e-06              
1.49155e-06              
1.55544e-06              
1.62207e-06              
1.69155e-06              
1.764e-06                
1.83956e-06              
1.91835e-06              
2.00052e-06              
2.0862e-06               
2.17555e-06              
2.26873e-06              
2.36589e-06              
2.46722e-06              
2.57288e-06              
2.68307e-06              
2.79798e-06              
2.9178e-06               
3.04276e-06              
3.17307e-06              
3.30895e-06              
3.45065e-06              
3.59842e-06              
3.75252e-06              
3.91321e-06              
4.08078e-06              
4.25553e-06              
4.43776e-06              
4.62779e-06              
4.82596e-06              
5.03261e-06              
5.24811e-06              
5.47283e-06              
5.70718e-06              
5.95156e-06              
6.2064e-06               
6.47216e-06              
6.74929e-06              
7.03828e-06              
7.33965e-06              
7.65392e-06              
7.98165e-06              
8.32341e-06              
8.6798e-06               
9.05145e-06              
9.43901e-06              
9.84316e-06              
1.02646e-05              
1.07041e-05              
1.11624e-05              
1.16404e-05              
1.21388e-05              
1.26585e-05              
1.32005e-05              
1.37657e-05              
1.43551e-05              
1.49697e-05              
1.56107e-05              
1.62791e-05              
1.69761e-05              
1.77029e-05              
1.84609e-05              
1.92513e-05              
2.00755e-05              
2.09351e-05              
2.18314e-05              
2.27661e-05              
2.37409e-05              
2.47573e-05              
2.58173e-05              
2.69227e-05              
2.80754e-05              
2.92774e-05              
3.05309e-05              
3.18381e-05              
3.32013e-05              
3.46228e-05              
3.61051e-05              
3.7651e-05               
3.9263e-05               
4.0944e-05               
4.2697e-05               
4.4525e-05               
4.64313e-05              
4.84193e-05              
5.04923e-05              
5.26541e-05              
5.49085e-05              
5.72593e-05              
5.97108e-05              
6.22673e-05              
6.49332e-05              
6.77133e-05              
7.06124e-05              
7.36356e-05              
7.67882e-05              
8.00758e-05              
8.35042e-05              
8.70794e-05              
9.08076e-05              
9.46954e-05              
9.87497e-05              
0.000102978              
0.000107386              
0.000111984              
0.000116779              
0.000121778              
0.000126992              
0.000132429              
0.000138099              
0.000144011              
0.000150177              
0.000156607              
0.000163312              
0.000170304              
0.000177595              
0.000185199              
0.000193128              
0.000201396              
0.000210019              
0.00021901               
0.000228387              
0.000238165              
0.000248362              
0.000258995              
0.000270084              
0.000281647              
0.000293705              
0.00030628               
0.000319393              
0.000333067              
0.000347327              
0.000362197              
0.000377704              
0.000393875              
0.000410738              
0.000428324              
0.000446662              
0.000465785              
0.000485727              
0.000506522              
0.000528208              
0.000550823              
0.000574406              
0.000598998              
0.000624643              
0.000651387              
0.000679275              
0.000708357              
0.000738684              
0.00077031               
0.00080329               
0.000837681              
0.000873545              
0.000910945              
0.000949946              
0.000990616              
0.00103303               
0.00107726               
0.00112338               
0.00117147               
0.00122163               
0.00127393               
0.00132847               
0.00138535               
0.00144466               
0.00150651               
0.00157101               
0.00163827               
0.00170841               
0.00178155               
0.00185783               
0.00193737               
0.00202031               
0.00210681               
0.00219701               
0.00229107               
0.00238916               
0.00249145               
0.00259812               
0.00270935               
0.00282535               
0.00294631               
0.00307245               
0.00320399               
0.00334117               
0.00348421               
0.00363339               
0.00378894               
0.00395116               
0.00412033               
0.00429673               
0.00448069               
0.00467252               
0.00487257               
0.00508118               
0.00529872               
0.00552558               
0.00576215               
0.00600885               
0.00626611               
0.00653438               
0.00681414               
0.00710588               
0.00741011               
0.00772736               
0.00805819               
0.00840319               
0.00876296               
0.00913814               
0.00952937               
0.00993736               
0.0103628                
0.0108065                
0.0112691                
0.0117516                
0.0122547                
0.0127794                
0.0133265                
0.0138971                
0.0144921                
0.0151125                
0.0157596                
0.0164343                
0.0171379                
0.0178716                
0.0186368                
0.0194347                
0.0202667                
0.0211344                
0.0220393                
0.0229828                
0.0239668                
0.0249929                
0.0260629                
0.0271788                
0.0283424                
0.0295558                
0.0308212                
0.0321408                
0.0335168                
0.0349518                
0.0364482                
0.0380087                
0.039636                 
0.0413329                
0.0431025                
0.0449479                
0.0468723                
0.0488791                
0.0509717                
0.053154                 
0.0554297                
0.0578029                
0.0602776                
0.0628583                
0.0655495                
0.0683559                
0.0712824                
0.0743343                
0.0775168                
0.0808355                
0.0842964                
0.0879054                
0.091669                 
0.0955936                
0.0996863                
0.103954                 
0.108405                 
0.113046                 
0.117886                 
0.122933                 
0.128196                 
0.133685                 
0.139408                 
0.145377                 
0.151601                 
0.158091                 
0.16486                  
0.171918                 
0.179279                 
0.186954                 
0.194958                 
0.203305                 
0.212009                 
0.221086                 
0.230552                 
0.240422                 
0.250716                 
0.26145                  
0.272643                 
0.284316                 
0.296488                 
0.309182                 
0.322419                 
0.336223                 
0.350618                 
0.365629                 
0.381283                 
0.397607                 
0.41463                  
0.432382                 
0.450894                 
0.470198                 
0.490329                 
0.511321                 
0.533213                 
0.556042                 
0.579848                 
0.604673                 
0.630561                 
0.657557                 
0.68571                  
0.715067                 
0.745682                 
0.777607                 
0.810899                 
0.845617                 
0.88182                  
0.919574                 
0.958944                 
