#Solution of linear sistem Ax = b through Gauss-Seidel algorithm.
# 1-solution             
4.79881e-12              
9.8231e-12               
1.50835e-11              
2.0591e-11               
2.63574e-11              
3.23946e-11              
3.87156e-11              
4.53336e-11              
5.22626e-11              
5.95172e-11              
6.71126e-11              
7.5065e-11               
8.33911e-11              
9.21084e-11              
1.01235e-10              
1.10791e-10              
1.20796e-10              
1.31271e-10              
1.42238e-10              
1.53721e-10              
1.65743e-10              
1.7833e-10               
1.91509e-10              
2.05307e-10              
2.19754e-10              
2.34879e-10              
2.50715e-10              
2.67295e-10              
2.84654e-10              
3.0283e-10               
3.21859e-10              
3.41782e-10              
3.62642e-10              
3.84482e-10              
4.07348e-10              
4.31289e-10              
4.56355e-10              
4.82599e-10              
5.10077e-10              
5.38845e-10              
5.68965e-10              
6.00501e-10              
6.33519e-10              
6.68088e-10              
7.04282e-10              
7.42177e-10              
7.81853e-10              
8.23393e-10              
8.66885e-10              
9.12421e-10              
9.60097e-10              
1.01001e-09              
1.06228e-09              
1.11699e-09              
1.17428e-09              
1.23426e-09              
1.29707e-09              
1.36282e-09              
1.43166e-09              
1.50373e-09              
1.5792e-09               
1.65821e-09              
1.74093e-09              
1.82754e-09              
1.91822e-09              
2.01316e-09              
2.11257e-09              
2.21664e-09              
2.3256e-09               
2.43969e-09              
2.55914e-09              
2.6842e-09               
2.81513e-09              
2.95222e-09              
3.09575e-09              
3.24603e-09              
3.40337e-09              
3.5681e-09               
3.74057e-09              
3.92115e-09              
4.11021e-09              
4.30816e-09              
4.51541e-09              
4.7324e-09               
4.95958e-09              
5.19745e-09              
5.44648e-09              
5.70723e-09              
5.98022e-09              
6.26604e-09              
6.5653e-09               
6.87861e-09              
7.20665e-09              
7.5501e-09               
7.9097e-09               
8.28619e-09              
8.68037e-09              
9.09307e-09              
9.52517e-09              
9.97758e-09              
1.04512e-08              
1.09472e-08              
1.14664e-08              
1.201e-08                
1.25792e-08              
1.31751e-08              
1.3799e-08               
1.44522e-08              
1.51362e-08              
1.58522e-08              
1.66019e-08              
1.73869e-08              
1.82087e-08              
1.90691e-08              
1.997e-08                
2.09132e-08              
2.19008e-08              
2.29347e-08              
2.40172e-08              
2.51506e-08              
2.63373e-08              
2.75797e-08              
2.88804e-08              
3.02423e-08              
3.16682e-08              
3.31612e-08              
3.47242e-08              
3.63607e-08              
3.80741e-08              
3.9868e-08               
4.17462e-08              
4.37127e-08              
4.57716e-08              
4.79272e-08              
5.01841e-08              
5.2547e-08               
5.5021e-08               
5.76112e-08              
6.03232e-08              
6.31626e-08              
6.61354e-08              
6.92478e-08              
7.25066e-08              
7.59184e-08              
7.94906e-08              
8.32306e-08              
8.71464e-08              
9.12462e-08              
9.55386e-08              
1.00033e-07              
1.04738e-07              
1.09664e-07              
1.14822e-07              
1.20222e-07              
1.25876e-07              
1.31796e-07              
1.37994e-07              
1.44483e-07              
1.51277e-07              
1.5839e-07               
1.65837e-07              
1.73635e-07              
1.81798e-07              
1.90345e-07              
1.99294e-07              
2.08664e-07              
2.18473e-07              
2.28744e-07              
2.39497e-07              
2.50756e-07              
2.62543e-07              
2.74885e-07              
2.87806e-07              
3.01334e-07              
3.15498e-07              
3.30328e-07              
3.45854e-07              
3.6211e-07               
3.7913e-07               
3.9695e-07               
4.15606e-07              
4.3514e-07               
4.55591e-07              
4.77003e-07              
4.99422e-07              
5.22893e-07              
5.47468e-07              
5.73197e-07              
6.00136e-07              
6.2834e-07               
6.57869e-07              
6.88786e-07              
7.21155e-07              
7.55046e-07              
7.90529e-07              
8.27679e-07              
8.66575e-07              
9.07298e-07              
9.49935e-07              
9.94575e-07              
1.04131e-06              
1.09025e-06              
1.14148e-06              
1.19512e-06              
1.25128e-06              
1.31008e-06              
1.37164e-06              
1.4361e-06               
1.50358e-06              
1.57424e-06              
1.64821e-06              
1.72566e-06              
1.80675e-06              
1.89165e-06              
1.98054e-06              
2.07361e-06              
2.17105e-06              
2.27306e-06              
2.37987e-06              
2.4917e-06               
2.60879e-06              
2.73137e-06              
2.85972e-06              
2.99409e-06              
3.13478e-06              
3.28208e-06              
3.4363e-06               
3.59777e-06              
3.76683e-06              
3.94382e-06              
4.12914e-06              
4.32316e-06              
4.5263e-06               
4.73898e-06              
4.96166e-06              
5.1948e-06               
5.43889e-06              
5.69446e-06              
5.96203e-06              
6.24217e-06              
6.53548e-06              
6.84257e-06              
7.16409e-06              
7.50072e-06              
7.85316e-06              
8.22216e-06              
8.6085e-06               
9.013e-06                
9.4365e-06               
9.8799e-06               
1.03441e-05              
1.08302e-05              
1.13391e-05              
1.18719e-05              
1.24297e-05              
1.30137e-05              
1.36252e-05              
1.42654e-05              
1.49357e-05              
1.56375e-05              
1.63723e-05              
1.71416e-05              
1.7947e-05               
1.87903e-05              
1.96732e-05              
2.05976e-05              
2.15654e-05              
2.25787e-05              
2.36396e-05              
2.47504e-05              
2.59133e-05              
2.71309e-05              
2.84057e-05              
2.97404e-05              
3.11378e-05              
3.26009e-05              
3.41327e-05              
3.57365e-05              
3.74157e-05              
3.91737e-05              
4.10144e-05              
4.29416e-05              
4.49593e-05              
4.70718e-05              
4.92835e-05              
5.15992e-05              
5.40237e-05              
5.65621e-05              
5.92198e-05              
6.20024e-05              
6.49157e-05              
6.79659e-05              
7.11594e-05              
7.45029e-05              
7.80036e-05              
8.16687e-05              
8.55061e-05              
8.95238e-05              
9.37302e-05              
9.81343e-05              
0.000102745              
0.000107573              
0.000112628              
0.00011792               
0.00012346               
0.000129261              
0.000135335              
0.000141694              
0.000148352              
0.000155322              
0.00016262               
0.000170261              
0.000178261              
0.000186637              
0.000195407              
0.000204588              
0.000214201              
0.000224266              
0.000234803              
0.000245836              
0.000257387              
0.000269481              
0.000282143              
0.0002954                
0.00030928               
0.000323812              
0.000339027              
0.000354957              
0.000371635              
0.000389097              
0.000407379              
0.000426521              
0.000446562              
0.000467544              
0.000489513              
0.000512513              
0.000536595              
0.000561808              
0.000588205              
0.000615843              
0.000644779              
0.000675076              
0.000706795              
0.000740005              
0.000774776              
0.00081118               
0.000849295              
0.0008892                
0.000930981              
0.000974725              
0.00102052               
0.00106848               
0.00111868               
0.00117124               
0.00122628               
0.00128389               
0.00134422               
0.00140738               
0.00147351               
0.00154274               
0.00161523               
0.00169113               
0.00177059               
0.00185378               
0.00194089               
0.00203208               
0.00212756               
0.00222753               
0.00233219               
0.00244178               
0.00255651               
0.00267663               
0.0028024                
0.00293407               
0.00307193               
0.00321627               
0.0033674                
0.00352562               
0.00369128               
0.00386472               
0.00404631               
0.00423643               
0.00443549               
0.00464389               
0.0048621                
0.00509055               
0.00532974               
0.00558017               
0.00584236               
0.00611687               
0.00640429               
0.0067052                
0.00702026               
0.00735012               
0.00769547               
0.00805706               
0.00843563               
0.008832                 
0.00924698               
0.00968147               
0.0101364                
0.0106126                
0.0111113                
0.0116334                
0.01218                  
0.0127523                
0.0133515                
0.0139788                
0.0146356                
0.0153233                
0.0160433                
0.0167971                
0.0175864                
0.0184127                
0.0192779                
0.0201837                
0.021132                 
0.022125                 
0.0231645                
0.024253                 
0.0253925                
0.0265856                
0.0278348                
0.0291427                
0.030512                 
0.0319457                
0.0334467                
0.0350182                
0.0366636                
0.0383863                
0.04019                  
0.0420784                
0.0440555                
0.0461255                
0.0482928                
0.0505619                
0.0529377                
0.055425                 
0.0580293                
0.0607559                
0.0636106                
0.0665995                
0.0697288                
0.0730051                
0.0764353                
0.0800268                
0.083787                 
0.0877239                
0.0918457                
0.0961613                
0.10068                  
0.10541                  
0.110363                 
0.115549                 
0.120978                 
0.126662                 
0.132614                 
0.138845                 
0.145369                 
0.152199                 
0.15935                  
0.166838                 
0.174677                 
0.182884                 
0.191477                 
0.200474                 
0.209894                 
0.219756                 
0.230082                 
0.240893                 
0.252211                 
0.264062                 
0.276469                 
0.28946                  
0.303061                 
0.3173                   
0.332209                 
0.347819                 
0.364162                 
0.381272                 
0.399187                 
0.417944                 
0.437581                 
0.458142                 
0.479669                 
0.502207                 
0.525804                 
0.550509                 
0.576376                 
0.603458                 
0.631813                 
0.661499                 
0.692581                 
0.725123                 
0.759194                 
0.794866                 
0.832215                 
0.871318                 
0.912258                 
0.955122                 
