#Solution of linear sistem Ax = b through Gauss-Seidel algorithm.
# 1-solution             
0.00249252               
0.00498505               
0.00747758               
0.00997013               
0.0124627                
0.0149552                
0.0174478                
0.0199404                
0.0224329                
0.0249255                
0.0274181                
0.0299107                
0.0324033                
0.0348959                
0.0373885                
0.0398811                
0.0423737                
0.0448663                
0.047359                 
0.0498516                
0.0523443                
0.0548369                
0.0573296                
0.0598222                
0.0623149                
0.0648076                
0.0673003                
0.069793                 
0.0722857                
0.0747784                
0.0772711                
0.0797638                
0.0822565                
0.0847492                
0.087242                 
0.0897347                
0.0922275                
0.0947202                
0.097213                 
0.0997057                
0.102198                 
0.104691                 
0.107184                 
0.109677                 
0.11217                  
0.114662                 
0.117155                 
0.119648                 
0.122141                 
0.124634                 
0.127127                 
0.129619                 
0.132112                 
0.134605                 
0.137098                 
0.139591                 
0.142084                 
0.144577                 
0.147069                 
0.149562                 
0.152055                 
0.154548                 
0.157041                 
0.159534                 
0.162027                 
0.16452                  
0.167013                 
0.169506                 
0.171999                 
0.174492                 
0.176985                 
0.179477                 
0.18197                  
0.184463                 
0.186956                 
0.189449                 
0.191942                 
0.194435                 
0.196928                 
0.199421                 
0.201914                 
0.204407                 
0.2069                   
0.209394                 
0.211887                 
0.21438                  
0.216873                 
0.219366                 
0.221859                 
0.224352                 
0.226845                 
0.229338                 
0.231831                 
0.234324                 
0.236817                 
0.23931                  
0.241804                 
0.244297                 
0.24679                  
0.249283                 
0.251776                 
0.254269                 
0.256762                 
0.259256                 
0.261749                 
0.264242                 
0.266735                 
0.269228                 
0.271721                 
0.274215                 
0.276708                 
0.279201                 
0.281694                 
0.284188                 
0.286681                 
0.289174                 
0.291667                 
0.294161                 
0.296654                 
0.299147                 
0.30164                  
0.304134                 
0.306627                 
0.30912                  
0.311613                 
0.314107                 
0.3166                   
0.319093                 
0.321587                 
0.32408                  
0.326573                 
0.329067                 
0.33156                  
0.334053                 
0.336547                 
0.33904                  
0.341533                 
0.344027                 
0.34652                  
0.349014                 
0.351507                 
0.354                    
0.356494                 
0.358987                 
0.361481                 
0.363974                 
0.366467                 
0.368961                 
0.371454                 
0.373948                 
0.376441                 
0.378935                 
0.381428                 
0.383922                 
0.386415                 
0.388909                 
0.391402                 
0.393896                 
0.396389                 
0.398883                 
0.401376                 
0.40387                  
0.406363                 
0.408857                 
0.41135                  
0.413844                 
0.416337                 
0.418831                 
0.421324                 
0.423818                 
0.426312                 
0.428805                 
0.431299                 
0.433792                 
0.436286                 
0.43878                  
0.441273                 
0.443767                 
0.44626                  
0.448754                 
0.451248                 
0.453741                 
0.456235                 
0.458729                 
0.461222                 
0.463716                 
0.46621                  
0.468703                 
0.471197                 
0.473691                 
0.476185                 
0.478678                 
0.481172                 
0.483666                 
0.486159                 
0.488653                 
0.491147                 
0.493641                 
0.496134                 
0.498628                 
0.501122                 
0.503616                 
0.506109                 
0.508603                 
0.511097                 
0.513591                 
0.516085                 
0.518578                 
0.521072                 
0.523566                 
0.52606                  
0.528554                 
0.531048                 
0.533541                 
0.536035                 
0.538529                 
0.541023                 
0.543517                 
0.546011                 
0.548505                 
0.550998                 
0.553492                 
0.555986                 
0.55848                  
0.560974                 
0.563468                 
0.565962                 
0.568456                 
0.57095                  
0.573444                 
0.575938                 
0.578432                 
0.580926                 
0.58342                  
0.585914                 
0.588408                 
0.590902                 
0.593396                 
0.59589                  
0.598384                 
0.600878                 
0.603372                 
0.605866                 
0.60836                  
0.610854                 
0.613348                 
0.615842                 
0.618336                 
0.62083                  
0.623324                 
0.625818                 
0.628312                 
0.630806                 
0.6333                   
0.635794                 
0.638289                 
0.640783                 
0.643277                 
0.645771                 
0.648265                 
0.650759                 
0.653253                 
0.655747                 
0.658242                 
0.660736                 
0.66323                  
0.665724                 
0.668218                 
0.670713                 
0.673207                 
0.675701                 
0.678195                 
0.680689                 
0.683184                 
0.685678                 
0.688172                 
0.690666                 
0.693161                 
0.695655                 
0.698149                 
0.700643                 
0.703138                 
0.705632                 
0.708126                 
0.71062                  
0.713115                 
0.715609                 
0.718103                 
0.720598                 
0.723092                 
0.725586                 
0.728081                 
0.730575                 
0.733069                 
0.735564                 
0.738058                 
0.740552                 
0.743047                 
0.745541                 
0.748035                 
0.75053                  
0.753024                 
0.755519                 
0.758013                 
0.760507                 
0.763002                 
0.765496                 
0.767991                 
0.770485                 
0.77298                  
0.775474                 
0.777969                 
0.780463                 
0.782957                 
0.785452                 
0.787946                 
0.790441                 
0.792935                 
0.79543                  
0.797924                 
0.800419                 
0.802913                 
0.805408                 
0.807902                 
0.810397                 
0.812892                 
0.815386                 
0.817881                 
0.820375                 
0.82287                  
0.825364                 
0.827859                 
0.830354                 
0.832848                 
0.835343                 
0.837837                 
0.840332                 
0.842827                 
0.845321                 
0.847816                 
0.85031                  
0.852805                 
0.8553                   
0.857794                 
0.860289                 
0.862784                 
0.865278                 
0.867773                 
0.870268                 
0.872762                 
0.875257                 
0.877752                 
0.880247                 
0.882741                 
0.885236                 
0.887731                 
0.890225                 
0.89272                  
0.895215                 
0.89771                  
0.900204                 
0.902699                 
0.905194                 
0.907689                 
0.910184                 
0.912678                 
0.915173                 
0.917668                 
0.920163                 
0.922658                 
0.925152                 
0.927647                 
0.930142                 
0.932637                 
0.935132                 
0.937627                 
0.940121                 
0.942616                 
0.945111                 
0.947606                 
0.950101                 
0.952596                 
0.955091                 
0.957586                 
0.960081                 
0.962576                 
0.96507                  
0.967565                 
0.97006                  
0.972555                 
0.97505                  
0.977545                 
0.98004                  
0.982535                 
0.98503                  
0.987525                 
0.99002                  
0.992515                 
0.99501                  
0.997505                 
