#Details of numerical method Gauss Seidel for a linear sistem Ax = b through Gauss-Seidel algorithm. A is 9x9 matrix. x and b are 9vectors.
# 1-iterations 2-residual (LinfNorm)    
0              499.5                    
1              249.5                    
2              124.625                  
3              62.3126                  
4              46.6877                  
5              35.0158                  
6              27.2345                  
7              23.3205                  
8              20.041                   
9              17.3689                  
10             15.1901                  
11             13.7454                  
12             12.442                   
13             11.257                   
14             10.1831                  
15             9.21111                  
16             8.33165                  
17             7.53608                  
18             6.81646                  
19             6.16554                  
20             5.57678                  
21             5.04424                  
22             4.56256                  
23             4.12687                  
24             3.73278                  
25             3.37633                  
26             3.05392                  
27             2.76229                  
28             2.49851                  
29             2.25992                  
30             2.04412                  
31             1.84892                  
32             1.67236                  
33             1.51266                  
34             1.36822                  
35             1.23756                  
36             1.11938                  
37             1.01249                  
38             0.915807                 
39             0.828354                 
40             0.749252                 
41             0.677705                 
42             0.612989                 
43             0.554453                 
44             0.501507                 
45             0.453617                 
46             0.4103                   
47             0.371119                 
48             0.33568                  
49             0.303625                 
50             0.274632                 
51             0.248406                 
52             0.224685                 
53             0.20323                  
54             0.183823                 
55             0.166269                 
56             0.150392                 
57             0.13603                  
58             0.12304                  
59             0.111291                 
60             0.100664                 
61             0.091051                 
62             0.0823563                
63             0.0744919                
64             0.0673785                
65             0.0609444                
66             0.0551246                
67             0.0498607                
68             0.0450993                
69             0.0407927                
70             0.0368973                
71             0.0333739                
72             0.0301869                
73             0.0273043                
74             0.024697                 
75             0.0223386                
76             0.0202054                
77             0.018276                 
78             0.0165307                
79             0.0149522                
80             0.0135244                
81             0.0122329                
82             0.0110647                
83             0.0100081                
84             0.00905244               
85             0.008188                 
86             0.00740611               
87             0.00669888               
88             0.00605919               
89             0.00548058               
90             0.00495723               
91             0.00448385               
92             0.00405568               
93             0.00366839               
94             0.00331809               
95             0.00300124               
96             0.00271464               
97             0.00245541               
98             0.00222094               
99             0.00200886               
100            0.00181703               
101            0.00164351               
102            0.00148657               
103            0.00134461               
104            0.00121621               
105            0.00110007               
106            0.000995026              
107            0.000900009              
108            0.000814065              
109            0.000736328              
110            0.000666014              
111            0.000602415              
112            0.000544889              
113            0.000492856              
114            0.000445792              
115            0.000403222              
116            0.000364718              
117            0.00032989               
118            0.000298388              
119            0.000269894              
120            0.000244121              
121            0.000220809              
122            0.000199724              
123            0.000180652              
124            0.000163401              
125            0.000147797              
126            0.000133684              
127            0.000120918              
128            0.000109371              
129            9.89271e-05              
130            8.94804e-05              
131            8.09357e-05              
132            7.32069e-05              
133            6.62162e-05              
134            5.98931e-05              
135            5.41737e-05              
136            4.90006e-05              
137            4.43214e-05              
138            4.0089e-05               
139            3.62608e-05              
140            3.27982e-05              
141            2.96662e-05              
142            2.68333e-05              
143            2.42709e-05              
144            2.19532e-05              
145            1.98569e-05              
146            1.79607e-05              
147            1.62456e-05              
148            1.46943e-05              
149            1.32911e-05              
150            1.20219e-05              
151            1.08739e-05              
152            9.8355e-06               
153            8.89628e-06              
154            8.04676e-06              
155            7.27835e-06              
156            6.58333e-06              
157            5.95467e-06              
158            5.38604e-06              
159            4.87172e-06              
160            4.4065e-06               
161            3.98572e-06              
162            3.60511e-06              
163            3.26085e-06              
164            2.94946e-06              
165            2.66781e-06              
166            2.41306e-06              
167            2.18263e-06              
168            1.9742e-06               
169            1.78568e-06              
170            1.61516e-06              
171            1.46093e-06              
172            1.32142e-06              
173            1.19523e-06              
174            1.0811e-06               
175            9.77862e-07              
