#Details of numerical method ADR equation through Gauss-Seidel algorithm for alpha=0.25, beta=0.5, gamma=0.
#1-x_j/L                 2-Value                  
0                        0                        
0.00249377               0.000782583              
0.00498753               0.00156908               
0.0074813                0.00235951               
0.00997506               0.00315389               
0.0124688                0.00395224               
0.0149626                0.00475458               
0.0174564                0.00556094               
0.0199501                0.00637133               
0.0224439                0.00718577               
0.0249377                0.00800428               
0.0274314                0.00882688               
0.0299252                0.0096536                
0.032419                 0.0104844                
0.0349127                0.0113195                
0.0374065                0.0121586                
0.0399002                0.013002                 
0.042394                 0.0138496                
0.0448878                0.0147014                
0.0473815                0.0155575                
0.0498753                0.0164179                
0.0523691                0.0172826                
0.0548628                0.0181516                
0.0573566                0.0190249                
0.0598504                0.0199026                
0.0623441                0.0207847                
0.0648379                0.0216712                
0.0673317                0.0225622                
0.0698254                0.0234575                
0.0723192                0.0243574                
0.074813                 0.0252618                
0.0773067                0.0261707                
0.0798005                0.0270841                
0.0822943                0.0280021                
0.084788                 0.0289247                
0.0872818                0.0298519                
0.0897756                0.0307838                
0.0922693                0.0317203                
0.0947631                0.0326614                
0.0972569                0.0336073                
0.0997506                0.034558                 
0.102244                 0.0355133                
0.104738                 0.0364735                
0.107232                 0.0374384                
0.109726                 0.0384082                
0.112219                 0.0393828                
0.114713                 0.0403623                
0.117207                 0.0413467                
0.119701                 0.042336                 
0.122195                 0.0433303                
0.124688                 0.0443295                
0.127182                 0.0453338                
0.129676                 0.046343                 
0.13217                  0.0473573                
0.134663                 0.0483767                
0.137157                 0.0494011                
0.139651                 0.0504307                
0.142145                 0.0514655                
0.144638                 0.0525054                
0.147132                 0.0535505                
0.149626                 0.0546008                
0.15212                  0.0556564                
0.154613                 0.0567173                
0.157107                 0.0577835                
0.159601                 0.058855                 
0.162095                 0.0599318                
0.164589                 0.0610141                
0.167082                 0.0621017                
0.169576                 0.0631948                
0.17207                  0.0642934                
0.174564                 0.0653974                
0.177057                 0.066507                 
0.179551                 0.0676221                
0.182045                 0.0687428                
0.184539                 0.0698691                
0.187032                 0.071001                 
0.189526                 0.0721386                
0.19202                  0.0732819                
0.194514                 0.0744309                
0.197007                 0.0755856                
0.199501                 0.0767461                
0.201995                 0.0779124                
0.204489                 0.0790846                
0.206983                 0.0802626                
0.209476                 0.0814465                
0.21197                  0.0826363                
0.214464                 0.0838321                
0.216958                 0.0850338                
0.219451                 0.0862416                
0.221945                 0.0874553                
0.224439                 0.0886752                
0.226933                 0.0899012                
0.229426                 0.0911333                
0.23192                  0.0923715                
0.234414                 0.0936159                
0.236908                 0.0948666                
0.239401                 0.0961235                
0.241895                 0.0973867                
0.244389                 0.0986562                
0.246883                 0.0999321                
0.249377                 0.101214                 
0.25187                  0.102503                 
0.254364                 0.103798                 
0.256858                 0.1051                   
0.259352                 0.106408                 
0.261845                 0.107722                 
0.264339                 0.109044                 
0.266833                 0.110371                 
0.269327                 0.111706                 
0.27182                  0.113047                 
0.274314                 0.114395                 
0.276808                 0.115749                 
0.279302                 0.117111                 
0.281796                 0.118479                 
0.284289                 0.119854                 
0.286783                 0.121236                 
0.289277                 0.122624                 
0.291771                 0.12402                  
0.294264                 0.125423                 
0.296758                 0.126832                 
0.299252                 0.128249                 
0.301746                 0.129673                 
0.304239                 0.131104                 
0.306733                 0.132542                 
0.309227                 0.133987                 
0.311721                 0.13544                  
0.314214                 0.1369                   
0.316708                 0.138367                 
0.319202                 0.139841                 
0.321696                 0.141323                 
0.32419                  0.142812                 
0.326683                 0.144309                 
0.329177                 0.145813                 
0.331671                 0.147325                 
0.334165                 0.148844                 
0.336658                 0.150371                 
0.339152                 0.151905                 
0.341646                 0.153447                 
0.34414                  0.154997                 
0.346633                 0.156555                 
0.349127                 0.15812                  
0.351621                 0.159693                 
0.354115                 0.161274                 
0.356608                 0.162863                 
0.359102                 0.16446                  
0.361596                 0.166065                 
0.36409                  0.167678                 
0.366584                 0.169299                 
0.369077                 0.170928                 
0.371571                 0.172565                 
0.374065                 0.17421                  
0.376559                 0.175864                 
0.379052                 0.177526                 
0.381546                 0.179196                 
0.38404                  0.180875                 
0.386534                 0.182562                 
0.389027                 0.184257                 
0.391521                 0.185961                 
0.394015                 0.187673                 
0.396509                 0.189394                 
0.399002                 0.191124                 
0.401496                 0.192862                 
0.40399                  0.194609                 
0.406484                 0.196365                 
0.408978                 0.198129                 
0.411471                 0.199902                 
0.413965                 0.201684                 
0.416459                 0.203475                 
0.418953                 0.205275                 
0.421446                 0.207084                 
0.42394                  0.208902                 
0.426434                 0.210729                 
0.428928                 0.212566                 
0.431421                 0.214411                 
0.433915                 0.216266                 
0.436409                 0.21813                  
0.438903                 0.220003                 
0.441397                 0.221885                 
0.44389                  0.223777                 
0.446384                 0.225679                 
0.448878                 0.22759                  
0.451372                 0.22951                  
0.453865                 0.231441                 
0.456359                 0.23338                  
0.458853                 0.23533                  
0.461347                 0.237289                 
0.46384                  0.239258                 
0.466334                 0.241237                 
0.468828                 0.243226                 
0.471322                 0.245224                 
0.473815                 0.247233                 
0.476309                 0.249252                 
0.478803                 0.251281                 
0.481297                 0.25332                  
0.483791                 0.255369                 
0.486284                 0.257428                 
0.488778                 0.259498                 
0.491272                 0.261578                 
0.493766                 0.263669                 
0.496259                 0.26577                  
0.498753                 0.267881                 
0.501247                 0.270003                 
0.503741                 0.272136                 
0.506234                 0.274279                 
0.508728                 0.276433                 
0.511222                 0.278598                 
0.513716                 0.280773                 
0.516209                 0.28296                  
0.518703                 0.285157                 
0.521197                 0.287365                 
0.523691                 0.289585                 
0.526185                 0.291815                 
0.528678                 0.294057                 
0.531172                 0.29631                  
0.533666                 0.298574                 
0.53616                  0.300849                 
0.538653                 0.303136                 
0.541147                 0.305434                 
0.543641                 0.307744                 
0.546135                 0.310066                 
0.548628                 0.312398                 
0.551122                 0.314743                 
0.553616                 0.317099                 
0.55611                  0.319467                 
0.558603                 0.321847                 
0.561097                 0.324239                 
0.563591                 0.326643                 
0.566085                 0.329059                 
0.568579                 0.331487                 
0.571072                 0.333927                 
0.573566                 0.336379                 
0.57606                  0.338843                 
0.578554                 0.34132                  
0.581047                 0.343809                 
0.583541                 0.346311                 
0.586035                 0.348825                 
0.588529                 0.351352                 
0.591022                 0.353891                 
0.593516                 0.356443                 
0.59601                  0.359008                 
0.598504                 0.361586                 
0.600998                 0.364176                 
0.603491                 0.36678                  
0.605985                 0.369396                 
0.608479                 0.372026                 
0.610973                 0.374668                 
0.613466                 0.377324                 
0.61596                  0.379994                 
0.618454                 0.382676                 
0.620948                 0.385372                 
0.623441                 0.388082                 
0.625935                 0.390805                 
0.628429                 0.393541                 
0.630923                 0.396291                 
0.633416                 0.399055                 
0.63591                  0.401833                 
0.638404                 0.404625                 
0.640898                 0.407431                 
0.643392                 0.410251                 
0.645885                 0.413084                 
0.648379                 0.415932                 
0.650873                 0.418795                 
0.653367                 0.421671                 
0.65586                  0.424562                 
0.658354                 0.427468                 
0.660848                 0.430387                 
0.663342                 0.433322                 
0.665835                 0.436271                 
0.668329                 0.439235                 
0.670823                 0.442214                 
0.673317                 0.445208                 
0.67581                  0.448216                 
0.678304                 0.45124                  
0.680798                 0.454279                 
0.683292                 0.457333                 
0.685786                 0.460402                 
0.688279                 0.463486                 
0.690773                 0.466586                 
0.693267                 0.469702                 
0.695761                 0.472833                 
0.698254                 0.47598                  
0.700748                 0.479142                 
0.703242                 0.482321                 
0.705736                 0.485515                 
0.708229                 0.488725                 
0.710723                 0.491951                 
0.713217                 0.495194                 
0.715711                 0.498452                 
0.718204                 0.501727                 
0.720698                 0.505018                 
0.723192                 0.508326                 
0.725686                 0.51165                  
0.72818                  0.514991                 
0.730673                 0.518348                 
0.733167                 0.521723                 
0.735661                 0.525114                 
0.738155                 0.528522                 
0.740648                 0.531947                 
0.743142                 0.53539                  
0.745636                 0.538849                 
0.74813                  0.542326                 
0.750623                 0.54582                  
0.753117                 0.549332                 
0.755611                 0.552861                 
0.758105                 0.556408                 
0.760599                 0.559973                 
0.763092                 0.563555                 
0.765586                 0.567155                 
0.76808                  0.570774                 
0.770574                 0.57441                  
0.773067                 0.578065                 
0.775561                 0.581738                 
0.778055                 0.585429                 
0.780549                 0.589139                 
0.783042                 0.592867                 
0.785536                 0.596614                 
0.78803                  0.60038                  
0.790524                 0.604164                 
0.793017                 0.607968                 
0.795511                 0.61179                  
0.798005                 0.615632                 
0.800499                 0.619492                 
0.802993                 0.623372                 
0.805486                 0.627272                 
0.80798                  0.631191                 
0.810474                 0.635129                 
0.812968                 0.639088                 
0.815461                 0.643066                 
0.817955                 0.647064                 
0.820449                 0.651081                 
0.822943                 0.655119                 
0.825436                 0.659178                 
0.82793                  0.663256                 
0.830424                 0.667355                 
0.832918                 0.671474                 
0.835411                 0.675614                 
0.837905                 0.679775                 
0.840399                 0.683956                 
0.842893                 0.688159                 
0.845387                 0.692382                 
0.84788                  0.696627                 
0.850374                 0.700892                 
0.852868                 0.705179                 
0.855362                 0.709488                 
0.857855                 0.713818                 
0.860349                 0.71817                  
0.862843                 0.722543                 
0.865337                 0.726938                 
0.86783                  0.731356                 
0.870324                 0.735795                 
0.872818                 0.740257                 
0.875312                 0.74474                  
0.877805                 0.749247                 
0.880299                 0.753776                 
0.882793                 0.758327                 
0.885287                 0.762901                 
0.887781                 0.767498                 
0.890274                 0.772118                 
0.892768                 0.776762                 
0.895262                 0.781428                 
0.897756                 0.786118                 
0.900249                 0.790831                 
0.902743                 0.795568                 
0.905237                 0.800328                 
0.907731                 0.805112                 
0.910224                 0.80992                  
0.912718                 0.814753                 
0.915212                 0.819609                 
0.917706                 0.82449                  
0.9202                   0.829395                 
0.922693                 0.834324                 
0.925187                 0.839278                 
0.927681                 0.844257                 
0.930175                 0.849261                 
0.932668                 0.85429                  
0.935162                 0.859344                 
0.937656                 0.864424                 
0.94015                  0.869528                 
0.942643                 0.874658                 
0.945137                 0.879814                 
0.947631                 0.884996                 
0.950125                 0.890204                 
0.952618                 0.895437                 
0.955112                 0.900697                 
0.957606                 0.905983                 
0.9601                   0.911296                 
0.962594                 0.916635                 
0.965087                 0.922                    
0.967581                 0.927393                 
0.970075                 0.932812                 
0.972569                 0.938259                 
0.975062                 0.943733                 
0.977556                 0.949234                 
0.98005                  0.954763                 
0.982544                 0.960319                 
0.985037                 0.965904                 
0.987531                 0.971516                 
0.990025                 0.977156                 
0.992519                 0.982824                 
0.995012                 0.988521                 
0.997506                 0.994246                 
1                        1                        
