#Details of numerical method Gauss Seidel for a linear sistem Ax = b through Gauss-Seidel algorithm. A is 10x10 matrix. x and b are 10vectors.
# 1-iterations 2-residual (LinfNorm)    
0              120994                   
1              60494.5                  
2              30245.9                  
3              15122.9                  
4              11341.7                  
5              8506.27                  
6              6615.98                  
7              5670.59                  
8              4873.16                  
9              4223.41                  
10             3695.48                  
11             3358.45                  
12             3055.51                  
13             2784.87                  
14             2542.91                  
15             2325.83                  
16             2136.47                  
17             1976.55                  
18             1826.45                  
19             1686.26                  
20             1555.79                  
21             1434.68                  
22             1322.49                  
23             1218.71                  
24             1122.82                  
25             1034.3                   
26             952.622                  
27             877.308                  
28             807.884                  
29             743.909                  
30             684.969                  
31             630.675                  
32             580.67                   
33             534.618                  
34             492.21                   
35             453.16                   
36             417.205                  
37             384.099                  
38             353.619                  
39             325.556                  
40             299.719                  
41             275.931                  
42             254.031                  
43             233.869                  
44             215.307                  
45             198.218                  
46             182.485                  
47             168.001                  
48             154.667                  
49             142.39                   
50             131.088                  
51             120.684                  
52             111.105                  
53             102.286                  
54             94.1672                  
55             86.6929                  
56             79.8118                  
57             73.4769                  
58             67.6448                  
59             62.2756                  
60             57.3326                  
61             52.7819                  
62             48.5924                  
63             44.7355                  
64             41.1847                  
65             37.9157                  
66             34.9062                  
67             32.1356                  
68             29.5849                  
69             27.2367                  
70             25.0748                  
71             23.0845                  
72             21.2522                  
73             19.5654                  
74             18.0124                  
75             16.5827                  
76             15.2665                  
77             14.0547                  
78             12.9392                  
79             11.9121                  
80             10.9666                  
81             10.0962                  
82             9.29481                  
83             8.55705                  
84             7.87785                  
85             7.25256                  
86             6.6769                   
87             6.14694                  
88             5.65903                  
89             5.20986                  
90             4.79633                  
91             4.41563                  
92             4.06515                  
93             3.74249                  
94             3.44543                  
95             3.17196                  
96             2.92019                  
97             2.6884                   
98             2.47502                  
99             2.27857                  
100            2.09771                  
101            1.93121                  
102            1.77792                  
103            1.6368                   
104            1.50688                  
105            1.38728                  
106            1.27717                  
107            1.17579                  
108            1.08247                  
109            0.996547                 
110            0.917448                 
111            0.844627                 
112            0.777586                 
113            0.715867                 
114            0.659046                 
115            0.606736                 
116            0.558577                 
117            0.514241                 
118            0.473424                 
119            0.435847                 
120            0.401252                 
121            0.369403                 
122            0.340083                 
123            0.313089                 
124            0.288238                 
125            0.26536                  
126            0.244297                 
127            0.224907                 
128            0.207055                 
129            0.190621                 
130            0.17549                  
131            0.161561                 
132            0.148738                 
133            0.136932                 
134            0.126063                 
135            0.116057                 
136            0.106845                 
137            0.0983645                
138            0.090557                 
139            0.0833692                
140            0.0767519                
141            0.0706599                
142            0.0650514                
143            0.059888                 
144            0.0551345                
145            0.0507583                
146            0.0467295                
147            0.0430204                
148            0.0396057                
149            0.0364621                
150            0.033568                 
151            0.0309036                
152            0.0284507                
153            0.0261924                
154            0.0241135                
155            0.0221995                
156            0.0204375                
157            0.0188153                
158            0.0173218                
159            0.015947                 
160            0.0146812                
161            0.0135159                
162            0.0124431                
163            0.0114554                
164            0.0105462                
165            0.00970911               
166            0.00893846               
167            0.00822899               
168            0.00757583               
169            0.00697451               
170            0.00642092               
171            0.00591127               
172            0.00544207               
173            0.00501012               
174            0.00461245               
175            0.00424634               
176            0.0039093                
177            0.003599                 
178            0.00331334               
179            0.00305035               
180            0.00280823               
181            0.00258533               
182            0.00238013               
183            0.00219121               
184            0.00201729               
185            0.00185717               
186            0.00170976               
187            0.00157405               
188            0.00144911               
189            0.00133409               
190            0.0012282                
191            0.00113071               
192            0.00104097               
193            0.000958341              
194            0.000882274              
195            0.000812245              
196            0.000747775              
197            0.000688421              
198            0.000633779              
199            0.000583474              
200            0.000537162              
201            0.000494526              
202            0.000455273              
203            0.000419137              
204            0.000385869              
205            0.000355241              
206            0.000327044              
207            0.000301086              
208            0.000277188              
209            0.000255186              
210            0.000234931              
211            0.000216284              
212            0.000199117              
213            0.000183312              
214            0.000168762              
215            0.000155367              
216            0.000143035              
217            0.000131682              
218            0.00012123               
219            0.000111608              
220            0.000102749              
221            9.45933e-05              
222            8.70852e-05              
223            8.01729e-05              
224            7.38094e-05              
225            6.79509e-05              
226            6.25574e-05              
227            5.7592e-05               
228            5.30208e-05              
229            4.88123e-05              
230            4.49379e-05              
231            4.13711e-05              
232            3.80873e-05              
233            3.50642e-05              
234            3.2281e-05               
235            2.97188e-05              
236            2.73599e-05              
237            2.51883e-05              
238            2.3189e-05               
239            2.13484e-05              
240            1.96539e-05              
241            1.80939e-05              
242            1.66577e-05              
243            1.53356e-05              
244            1.41183e-05              
245            1.29977e-05              
246            1.1966e-05               
247            1.10162e-05              
248            1.01419e-05              
249            9.33687e-06              
250            8.59579e-06              
251            7.9135e-06               
252            7.28537e-06              
253            6.70712e-06              
254            6.17476e-06              
255            5.68465e-06              
256            5.23341e-06              
257            4.81802e-06              
258            4.43562e-06              
259            4.08356e-06              
260            3.75941e-06              
261            3.46101e-06              
262            3.18632e-06              
263            2.9334e-06               
264            2.70057e-06              
265            2.48621e-06              
266            2.28888e-06              
267            2.1072e-06               
268            1.93995e-06              
269            1.78597e-06              
270            1.64421e-06              
271            1.5137e-06               
272            1.39354e-06              
273            1.28293e-06              
274            1.18112e-06              
275            1.08737e-06              
276            1.00105e-06              
277            9.21595e-07              
