#Solution of linear sistem Ax = b through Gauss-Seidel algorithm.
# 1-solution             
3.98514e-11              
1.02922e-10              
2.02746e-10              
3.60741e-10              
6.10802e-10              
1.00657e-09              
1.63294e-09              
2.62423e-09              
4.19302e-09              
6.67566e-09              
1.06044e-08              
1.68215e-08              
2.66597e-08              
4.22276e-08              
6.6862e-08               
1.05843e-07              
1.67523e-07              
2.65123e-07              
4.19558e-07              
6.63922e-07              
1.05058e-06              
1.6624e-06               
2.63047e-06              
4.16224e-06              
6.58595e-06              
1.0421e-05               
1.6489e-05               
2.60904e-05              
4.12826e-05              
6.53209e-05              
0.000103356              
0.000163539              
0.000258764              
0.000409438              
0.000647846              
0.00102507               
0.00162195               
0.00256638               
0.00406073               
0.00642521               
0.0101665                
0.0160862                
0.0254529                
0.0402735                
0.0637239                
0.100829                 
0.15954                  
0.252436                 
0.399424                 
0.632                    
