#Solution of linear sistem Ax = b through Gauss-Seidel algorithm.
# 1-solution             
0.0033206                
0.00664122               
0.00996184               
0.0132825                
0.0166031                
0.0199238                
0.0232445                
0.0265651                
0.0298858                
0.0332065                
0.0365272                
0.039848                 
0.0431687                
0.0464895                
0.0498102                
0.053131                 
0.0564518                
0.0597726                
0.0630934                
0.0664142                
0.069735                 
0.0730558                
0.0763767                
0.0796975                
0.0830184                
0.0863393                
0.0896602                
0.0929811                
0.096302                 
0.0996229                
0.102944                 
0.106265                 
0.109586                 
0.112907                 
0.116228                 
0.119549                 
0.12287                  
0.126191                 
0.129512                 
0.132833                 
0.136154                 
0.139475                 
0.142796                 
0.146117                 
0.149438                 
0.152759                 
0.15608                  
0.159401                 
0.162723                 
0.166044                 
0.169365                 
0.172686                 
0.176007                 
0.179328                 
0.18265                  
0.185971                 
0.189292                 
0.192613                 
0.195935                 
0.199256                 
0.202577                 
0.205898                 
0.20922                  
0.212541                 
0.215862                 
0.219184                 
0.222505                 
0.225826                 
0.229148                 
0.232469                 
0.23579                  
0.239112                 
0.242433                 
0.245754                 
0.249076                 
0.252397                 
0.255719                 
0.25904                  
0.262362                 
0.265683                 
0.269005                 
0.272326                 
0.275648                 
0.278969                 
0.282291                 
0.285612                 
0.288934                 
0.292255                 
0.295577                 
0.298899                 
0.30222                  
0.305542                 
0.308863                 
0.312185                 
0.315507                 
0.318828                 
0.32215                  
0.325472                 
0.328793                 
0.332115                 
0.335437                 
0.338758                 
0.34208                  
0.345402                 
0.348724                 
0.352045                 
0.355367                 
0.358689                 
0.362011                 
0.365333                 
0.368654                 
0.371976                 
0.375298                 
0.37862                  
0.381942                 
0.385264                 
0.388586                 
0.391907                 
0.395229                 
0.398551                 
0.401873                 
0.405195                 
0.408517                 
0.411839                 
0.415161                 
0.418483                 
0.421805                 
0.425127                 
0.428449                 
0.431771                 
0.435093                 
0.438415                 
0.441737                 
0.445059                 
0.448381                 
0.451703                 
0.455026                 
0.458348                 
0.46167                  
0.464992                 
0.468314                 
0.471636                 
0.474958                 
0.478281                 
0.481603                 
0.484925                 
0.488247                 
0.491569                 
0.494892                 
0.498214                 
0.501536                 
0.504858                 
0.508181                 
0.511503                 
0.514825                 
0.518148                 
0.52147                  
0.524792                 
0.528115                 
0.531437                 
0.534759                 
0.538082                 
0.541404                 
0.544727                 
0.548049                 
0.551371                 
0.554694                 
0.558016                 
0.561339                 
0.564661                 
0.567984                 
0.571306                 
0.574629                 
0.577951                 
0.581274                 
0.584596                 
0.587919                 
0.591241                 
0.594564                 
0.597886                 
0.601209                 
0.604532                 
0.607854                 
0.611177                 
0.6145                   
0.617822                 
0.621145                 
0.624467                 
0.62779                  
0.631113                 
0.634436                 
0.637758                 
0.641081                 
0.644404                 
0.647726                 
0.651049                 
0.654372                 
0.657695                 
0.661018                 
0.66434                  
0.667663                 
0.670986                 
0.674309                 
0.677632                 
0.680955                 
0.684277                 
0.6876                   
0.690923                 
0.694246                 
0.697569                 
0.700892                 
0.704215                 
0.707538                 
0.710861                 
0.714184                 
0.717507                 
0.72083                  
0.724153                 
0.727476                 
0.730799                 
0.734122                 
0.737445                 
0.740768                 
0.744091                 
0.747414                 
0.750737                 
0.75406                  
0.757383                 
0.760706                 
0.764029                 
0.767353                 
0.770676                 
0.773999                 
0.777322                 
0.780645                 
0.783968                 
0.787292                 
0.790615                 
0.793938                 
0.797261                 
0.800585                 
0.803908                 
0.807231                 
0.810554                 
0.813878                 
0.817201                 
0.820524                 
0.823848                 
0.827171                 
0.830494                 
0.833818                 
0.837141                 
0.840465                 
0.843788                 
0.847111                 
0.850435                 
0.853758                 
0.857082                 
0.860405                 
0.863729                 
0.867052                 
0.870375                 
0.873699                 
0.877022                 
0.880346                 
0.88367                  
0.886993                 
0.890317                 
0.89364                  
0.896964                 
0.900287                 
0.903611                 
0.906935                 
0.910258                 
0.913582                 
0.916905                 
0.920229                 
0.923553                 
0.926876                 
0.9302                   
0.933524                 
0.936848                 
0.940171                 
0.943495                 
0.946819                 
0.950142                 
0.953466                 
0.95679                  
0.960114                 
0.963438                 
0.966761                 
0.970085                 
0.973409                 
0.976733                 
0.980057                 
0.983381                 
0.986704                 
0.990028                 
0.993352                 
0.996676                 
