#Details of numerical method Gauss Seidel for a linear sistem Ax = b through Gauss-Seidel algorithm. A is 50x50 matrix. x and b are 50vectors.
# 1-iterations 2-residual (LinfNorm)    
0              2065.5                   
1              820.125                  
2              325.638                  
3              155.917                  
4              93.3178                  
5              66.6948                  
6              49.6749                  
7              38.2253                  
8              30.1992                  
9              24.367                   
10             20.0007                  
11             16.65                    
12             14.025                   
13             11.9943                  
14             10.3783                  
15             9.03489                  
16             7.9084                   
17             6.95636                  
18             6.14602                  
19             5.45184                  
20             4.85366                  
21             4.33546                  
22             3.88435                  
23             3.48988                  
24             3.14352                  
25             2.83826                  
26             2.56828                  
27             2.32872                  
28             2.11553                  
29             1.92526                  
30             1.75502                  
31             1.60232                  
32             1.46504                  
33             1.34137                  
34             1.22973                  
35             1.12877                  
36             1.03729                  
37             0.954272                 
38             0.878812                 
39             0.810118                 
40             0.747496                 
41             0.690331                 
42             0.638081                 
43             0.590266                 
44             0.546458                 
45             0.506277                 
46             0.469779                 
47             0.436193                 
48             0.405257                 
49             0.37674                  
50             0.350428                 
51             0.326134                 
52             0.303684                 
53             0.282924                 
54             0.263713                 
55             0.245923                 
56             0.229438                 
57             0.214154                 
58             0.199973                 
59             0.186808                 
60             0.17458                  
61             0.163216                 
62             0.152649                 
63             0.142818                 
64             0.133668                 
65             0.125146                 
66             0.117207                 
67             0.109807                 
68             0.102907                 
69             0.0964697                
70             0.0904619                
71             0.0848527                
72             0.0796137                
73             0.0747186                
74             0.0701432                
75             0.0658649                
76             0.0618633                
77             0.0581191                
78             0.0546146                
79             0.0513334                
80             0.0482604                
81             0.0453814                
82             0.0426835                
83             0.0401545                
84             0.0377832                
85             0.0355591                
86             0.0334726                
87             0.0315146                
88             0.0296768                
89             0.0279513                
90             0.0263309                
91             0.0248088                
92             0.0233788                
93             0.0220349                
94             0.0207718                
95             0.0195842                
96             0.0184675                
97             0.0174172                
98             0.0164291                
99             0.0154994                
100            0.0146245                
101            0.0138009                
102            0.0130256                
103            0.0122955                
104            0.011608                 
105            0.0109603                
106            0.0103501                
107            0.0097752                
108            0.00923337               
109            0.00872265               
110            0.00824118               
111            0.00778723               
112            0.00735914               
113            0.00695539               
114            0.00657454               
115            0.00621523               
116            0.00587621               
117            0.00555627               
118            0.00525432               
119            0.00496929               
120            0.0047002                
121            0.00444614               
122            0.00420622               
123            0.00397964               
124            0.00376563               
125            0.00356346               
126            0.00337247               
127            0.003192                 
128            0.00302146               
129            0.00286028               
130            0.00270794               
131            0.00256394               
132            0.0024278                
133            0.00229908               
134            0.00217736               
135            0.00206226               
136            0.0019534                
137            0.00185043               
138            0.00175302               
139            0.00166087               
140            0.00157368               
141            0.00149118               
142            0.00141311               
143            0.00133922               
144            0.00126929               
145            0.00120309               
146            0.00114043               
147            0.0010811                
148            0.00102493               
149            0.000971741              
150            0.000921374              
151            0.000873674              
152            0.000828497              
153            0.000785706              
154            0.000745171              
155            0.000706771              
156            0.000670391              
157            0.000635922              
158            0.000603261              
159            0.000572311              
160            0.00054298               
161            0.000515182              
162            0.000488834              
163            0.00046386               
164            0.000440186              
165            0.000417743              
166            0.000396466              
167            0.000376293              
168            0.000357164              
169            0.000339026              
170            0.000321825              
171            0.000305513              
172            0.000290041              
173            0.000275367              
174            0.000261449              
175            0.000248245              
176            0.00023572               
177            0.000223837              
178            0.000212564              
179            0.000201867              
180            0.000191717              
181            0.000182086              
182            0.000172947              
183            0.000164273              
184            0.000156042              
185            0.000148229              
186            0.000140813              
187            0.000133774              
188            0.000127093              
189            0.00012075               
190            0.000114728              
191            0.000109011              
192            0.000103583              
193            9.84292e-05              
194            9.35355e-05              
195            8.88885e-05              
196            8.44757e-05              
197            8.0285e-05               
198            7.6305e-05               
199            7.25251e-05              
200            6.89349e-05              
201            6.55249e-05              
202            6.22857e-05              
203            5.92089e-05              
204            5.6286e-05               
205            5.35092e-05              
206            5.08713e-05              
207            4.8365e-05               
208            4.59838e-05              
209            4.37212e-05              
210            4.15714e-05              
211            3.95286e-05              
212            3.75874e-05              
213            3.57427e-05              
214            3.39896e-05              
215            3.23235e-05              
216            3.074e-05                
217            2.92351e-05              
218            2.78046e-05              
219            2.6445e-05               
220            2.51526e-05              
221            2.3924e-05               
222            2.27562e-05              
223            2.1646e-05               
224            2.05905e-05              
225            1.95871e-05              
226            1.86331e-05              
227            1.77261e-05              
228            1.68636e-05              
229            1.60436e-05              
230            1.52639e-05              
231            1.45225e-05              
232            1.38174e-05              
233            1.3147e-05               
234            1.25094e-05              
235            1.1903e-05               
236            1.13263e-05              
237            1.07778e-05              
238            1.02562e-05              
239            9.75999e-06              
240            9.28806e-06              
241            8.83917e-06              
242            8.41218e-06              
243            8.006e-06                
244            7.61962e-06              
245            7.25206e-06              
246            6.90239e-06              
247            6.56973e-06              
248            6.25325e-06              
249            5.95215e-06              
250            5.66568e-06              
251            5.39311e-06              
252            5.13377e-06              
253            4.88701e-06              
254            4.65221e-06              
255            4.42878e-06              
256            4.21618e-06              
257            4.01387e-06              
258            3.82134e-06              
259            3.63812e-06              
260            3.46376e-06              
261            3.29783e-06              
262            3.1399e-06               
263            2.9896e-06               
264            2.84655e-06              
265            2.71039e-06              
266            2.5808e-06               
267            2.45745e-06              
268            2.34004e-06              
269            2.22829e-06              
270            2.12191e-06              
271            2.02064e-06              
272            1.92425e-06              
273            1.83248e-06              
274            1.74512e-06              
275            1.66196e-06              
276            1.58279e-06              
277            1.50741e-06              
278            1.43565e-06              
279            1.36733e-06              
280            1.30228e-06              
281            1.24035e-06              
282            1.18138e-06              
283            1.12524e-06              
284            1.07178e-06              
285            1.02087e-06              
286            9.72404e-07              
