#Solution of linear sistem Ax = b through Gauss-Seidel algorithm.
# 1-solution             
0.000782583              
0.00156908               
0.00235951               
0.00315389               
0.00395224               
0.00475458               
0.00556094               
0.00637133               
0.00718577               
0.00800428               
0.00882688               
0.0096536                
0.0104844                
0.0113195                
0.0121586                
0.013002                 
0.0138496                
0.0147014                
0.0155575                
0.0164179                
0.0172826                
0.0181516                
0.0190249                
0.0199026                
0.0207847                
0.0216712                
0.0225622                
0.0234575                
0.0243574                
0.0252618                
0.0261707                
0.0270841                
0.0280021                
0.0289247                
0.0298519                
0.0307838                
0.0317203                
0.0326614                
0.0336073                
0.034558                 
0.0355133                
0.0364735                
0.0374384                
0.0384082                
0.0393828                
0.0403623                
0.0413467                
0.042336                 
0.0433303                
0.0443295                
0.0453338                
0.046343                 
0.0473573                
0.0483767                
0.0494011                
0.0504307                
0.0514655                
0.0525054                
0.0535505                
0.0546008                
0.0556564                
0.0567173                
0.0577835                
0.058855                 
0.0599318                
0.0610141                
0.0621017                
0.0631948                
0.0642934                
0.0653974                
0.066507                 
0.0676221                
0.0687428                
0.0698691                
0.071001                 
0.0721386                
0.0732819                
0.0744309                
0.0755856                
0.0767461                
0.0779124                
0.0790846                
0.0802626                
0.0814465                
0.0826363                
0.0838321                
0.0850338                
0.0862416                
0.0874553                
0.0886752                
0.0899012                
0.0911333                
0.0923715                
0.0936159                
0.0948666                
0.0961235                
0.0973867                
0.0986562                
0.0999321                
0.101214                 
0.102503                 
0.103798                 
0.1051                   
0.106408                 
0.107722                 
0.109044                 
0.110371                 
0.111706                 
0.113047                 
0.114395                 
0.115749                 
0.117111                 
0.118479                 
0.119854                 
0.121236                 
0.122624                 
0.12402                  
0.125423                 
0.126832                 
0.128249                 
0.129673                 
0.131104                 
0.132542                 
0.133987                 
0.13544                  
0.1369                   
0.138367                 
0.139841                 
0.141323                 
0.142812                 
0.144309                 
0.145813                 
0.147325                 
0.148844                 
0.150371                 
0.151905                 
0.153447                 
0.154997                 
0.156555                 
0.15812                  
0.159693                 
0.161274                 
0.162863                 
0.16446                  
0.166065                 
0.167678                 
0.169299                 
0.170928                 
0.172565                 
0.17421                  
0.175864                 
0.177526                 
0.179196                 
0.180875                 
0.182562                 
0.184257                 
0.185961                 
0.187673                 
0.189394                 
0.191124                 
0.192862                 
0.194609                 
0.196365                 
0.198129                 
0.199902                 
0.201684                 
0.203475                 
0.205275                 
0.207084                 
0.208902                 
0.210729                 
0.212566                 
0.214411                 
0.216266                 
0.21813                  
0.220003                 
0.221885                 
0.223777                 
0.225679                 
0.22759                  
0.22951                  
0.231441                 
0.23338                  
0.23533                  
0.237289                 
0.239258                 
0.241237                 
0.243226                 
0.245224                 
0.247233                 
0.249252                 
0.251281                 
0.25332                  
0.255369                 
0.257428                 
0.259498                 
0.261578                 
0.263669                 
0.26577                  
0.267881                 
0.270003                 
0.272136                 
0.274279                 
0.276433                 
0.278598                 
0.280773                 
0.28296                  
0.285157                 
0.287365                 
0.289585                 
0.291815                 
0.294057                 
0.29631                  
0.298574                 
0.300849                 
0.303136                 
0.305434                 
0.307744                 
0.310066                 
0.312398                 
0.314743                 
0.317099                 
0.319467                 
0.321847                 
0.324239                 
0.326643                 
0.329059                 
0.331487                 
0.333927                 
0.336379                 
0.338843                 
0.34132                  
0.343809                 
0.346311                 
0.348825                 
0.351352                 
0.353891                 
0.356443                 
0.359008                 
0.361586                 
0.364176                 
0.36678                  
0.369396                 
0.372026                 
0.374668                 
0.377324                 
0.379994                 
0.382676                 
0.385372                 
0.388082                 
0.390805                 
0.393541                 
0.396291                 
0.399055                 
0.401833                 
0.404625                 
0.407431                 
0.410251                 
0.413084                 
0.415932                 
0.418795                 
0.421671                 
0.424562                 
0.427468                 
0.430387                 
0.433322                 
0.436271                 
0.439235                 
0.442214                 
0.445208                 
0.448216                 
0.45124                  
0.454279                 
0.457333                 
0.460402                 
0.463486                 
0.466586                 
0.469702                 
0.472833                 
0.47598                  
0.479142                 
0.482321                 
0.485515                 
0.488725                 
0.491951                 
0.495194                 
0.498452                 
0.501727                 
0.505018                 
0.508326                 
0.51165                  
0.514991                 
0.518348                 
0.521723                 
0.525114                 
0.528522                 
0.531947                 
0.53539                  
0.538849                 
0.542326                 
0.54582                  
0.549332                 
0.552861                 
0.556408                 
0.559973                 
0.563555                 
0.567155                 
0.570774                 
0.57441                  
0.578065                 
0.581738                 
0.585429                 
0.589139                 
0.592867                 
0.596614                 
0.60038                  
0.604164                 
0.607968                 
0.61179                  
0.615632                 
0.619492                 
0.623372                 
0.627272                 
0.631191                 
0.635129                 
0.639088                 
0.643066                 
0.647064                 
0.651081                 
0.655119                 
0.659178                 
0.663256                 
0.667355                 
0.671474                 
0.675614                 
0.679775                 
0.683956                 
0.688159                 
0.692382                 
0.696627                 
0.700892                 
0.705179                 
0.709488                 
0.713818                 
0.71817                  
0.722543                 
0.726938                 
0.731356                 
0.735795                 
0.740257                 
0.74474                  
0.749247                 
0.753776                 
0.758327                 
0.762901                 
0.767498                 
0.772118                 
0.776762                 
0.781428                 
0.786118                 
0.790831                 
0.795568                 
0.800328                 
0.805112                 
0.80992                  
0.814753                 
0.819609                 
0.82449                  
0.829395                 
0.834324                 
0.839278                 
0.844257                 
0.849261                 
0.85429                  
0.859344                 
0.864424                 
0.869528                 
0.874658                 
0.879814                 
0.884996                 
0.890204                 
0.895437                 
0.900697                 
0.905983                 
0.911296                 
0.916635                 
0.922                    
0.927393                 
0.932812                 
0.938259                 
0.943733                 
0.949234                 
0.954763                 
0.960319                 
0.965904                 
0.971516                 
0.977156                 
0.982824                 
0.988521                 
0.994246                 
